#! FIELDS time fusionPoreExpansion
 0.000000 0.366475
 1.000000 0.337587
 2.000000 0.336971
 3.000000 0.329258
 4.000000 0.325426
 5.000000 0.320663
 6.000000 0.324960
 7.000000 0.316771
 8.000000 0.308700
 9.000000 0.312002
 10.000000 0.317879
 11.000000 0.321415
 12.000000 0.314255
 13.000000 0.318271
 14.000000 0.329486
 15.000000 0.328757
 16.000000 0.326741
 17.000000 0.326647
 18.000000 0.331032
 19.000000 0.321077
 20.000000 0.319373
 21.000000 0.308417
 22.000000 0.316824
 23.000000 0.322593
 24.000000 0.316658
 25.000000 0.308771
 26.000000 0.303391
 27.000000 0.305119
 28.000000 0.310199
 29.000000 0.307406
 30.000000 0.326470
 31.000000 0.309325
 32.000000 0.322851
 33.000000 0.323440
 34.000000 0.321232
 35.000000 0.300236
 36.000000 0.309792
 37.000000 0.312835
 38.000000 0.311036
 39.000000 0.306996
 40.000000 0.325459
 41.000000 0.314103
 42.000000 0.297862
 43.000000 0.315006
 44.000000 0.308607
 45.000000 0.316485
 46.000000 0.312696
 47.000000 0.317718
 48.000000 0.319813
 49.000000 0.322330
 50.000000 0.311868
 51.000000 0.306925
 52.000000 0.308463
 53.000000 0.320980
 54.000000 0.316672
 55.000000 0.318597
 56.000000 0.311280
 57.000000 0.305312
 58.000000 0.312976
 59.000000 0.316965
 60.000000 0.309315
 61.000000 0.315301
 62.000000 0.308232
 63.000000 0.319557
 64.000000 0.306398
 65.000000 0.316002
 66.000000 0.307407
 67.000000 0.299544
 68.000000 0.300611
 69.000000 0.304472
 70.000000 0.306081
 71.000000 0.311578
 72.000000 0.298154
 73.000000 0.310807
 74.000000 0.309786
 75.000000 0.324893
 76.000000 0.323542
 77.000000 0.308348
 78.000000 0.310466
 79.000000 0.313481
 80.000000 0.300973
 81.000000 0.300909
 82.000000 0.300053
 83.000000 0.311458
 84.000000 0.313522
 85.000000 0.310800
 86.000000 0.305942
 87.000000 0.314574
 88.000000 0.302801
 89.000000 0.310513
 90.000000 0.312785
 91.000000 0.307627
 92.000000 0.303194
 93.000000 0.313504
 94.000000 0.307558
 95.000000 0.314741
 96.000000 0.316671
 97.000000 0.324949
 98.000000 0.322427
 99.000000 0.321271
 100.000000 0.309682
 101.000000 0.310422
 102.000000 0.318737
 103.000000 0.309495
 104.000000 0.311803
 105.000000 0.310988
 106.000000 0.313259
 107.000000 0.315615
 108.000000 0.325416
 109.000000 0.334276
 110.000000 0.321354
 111.000000 0.312577
 112.000000 0.313342
 113.000000 0.336380
 114.000000 0.333202
 115.000000 0.337561
 116.000000 0.325583
 117.000000 0.325427
 118.000000 0.330123
 119.000000 0.330214
 120.000000 0.318078
 121.000000 0.317983
 122.000000 0.340234
 123.000000 0.326624
 124.000000 0.336006
 125.000000 0.331896
 126.000000 0.327633
 127.000000 0.322762
 128.000000 0.330447
 129.000000 0.331289
 130.000000 0.324796
 131.000000 0.315623
 132.000000 0.328833
 133.000000 0.334431
 134.000000 0.313465
 135.000000 0.336497
 136.000000 0.334063
 137.000000 0.327043
 138.000000 0.330825
 139.000000 0.334804
 140.000000 0.322640
 141.000000 0.329823
 142.000000 0.329464
 143.000000 0.323920
 144.000000 0.330332
 145.000000 0.335885
 146.000000 0.333530
 147.000000 0.328627
 148.000000 0.330659
 149.000000 0.325560
 150.000000 0.337292
 151.000000 0.331762
 152.000000 0.343599
 153.000000 0.338232
 154.000000 0.337666
 155.000000 0.332383
 156.000000 0.328449
 157.000000 0.331191
 158.000000 0.332017
 159.000000 0.331430
 160.000000 0.324922
 161.000000 0.331488
 162.000000 0.327183
 163.000000 0.331684
 164.000000 0.337076
 165.000000 0.335484
 166.000000 0.343779
 167.000000 0.331855
 168.000000 0.345684
 169.000000 0.328747
 170.000000 0.321367
 171.000000 0.348168
 172.000000 0.335825
 173.000000 0.342273
 174.000000 0.329750
 175.000000 0.339786
 176.000000 0.334847
 177.000000 0.336455
 178.000000 0.332795
 179.000000 0.326353
 180.000000 0.336938
 181.000000 0.337036
 182.000000 0.346397
 183.000000 0.327743
 184.000000 0.325943
 185.000000 0.338538
 186.000000 0.340021
 187.000000 0.332417
 188.000000 0.335106
 189.000000 0.322934
 190.000000 0.324277
 191.000000 0.335801
 192.000000 0.342230
 193.000000 0.339491
 194.000000 0.329427
 195.000000 0.316441
 196.000000 0.315657
 197.000000 0.336849
 198.000000 0.345936
 199.000000 0.331500
 200.000000 0.334476
 201.000000 0.333380
 202.000000 0.329866
 203.000000 0.329736
 204.000000 0.347778
 205.000000 0.340204
 206.000000 0.344102
 207.000000 0.330652
 208.000000 0.331814
 209.000000 0.329774
 210.000000 0.337128
 211.000000 0.340147
 212.000000 0.334919
 213.000000 0.337033
 214.000000 0.347281
 215.000000 0.341469
 216.000000 0.353966
 217.000000 0.355177
 218.000000 0.356108
 219.000000 0.338711
 220.000000 0.349227
 221.000000 0.342686
 222.000000 0.362843
 223.000000 0.338678
 224.000000 0.343577
 225.000000 0.335329
 226.000000 0.322967
 227.000000 0.318608
 228.000000 0.343632
 229.000000 0.330767
 230.000000 0.336170
 231.000000 0.334151
 232.000000 0.333689
 233.000000 0.331972
 234.000000 0.329502
 235.000000 0.325959
 236.000000 0.327073
 237.000000 0.328902
 238.000000 0.337445
 239.000000 0.322338
 240.000000 0.348073
 241.000000 0.330422
 242.000000 0.334186
 243.000000 0.328151
 244.000000 0.336547
 245.000000 0.327073
 246.000000 0.337462
 247.000000 0.330653
 248.000000 0.313912
 249.000000 0.334651
 250.000000 0.338680
 251.000000 0.345939
 252.000000 0.329471
 253.000000 0.330268
 254.000000 0.351194
 255.000000 0.330070
 256.000000 0.318770
 257.000000 0.330433
 258.000000 0.328883
 259.000000 0.341009
 260.000000 0.341552
 261.000000 0.331628
 262.000000 0.342058
 263.000000 0.337176
 264.000000 0.340701
 265.000000 0.348056
 266.000000 0.337871
 267.000000 0.341091
 268.000000 0.350959
 269.000000 0.355078
 270.000000 0.336985
 271.000000 0.351631
 272.000000 0.346406
 273.000000 0.337918
 274.000000 0.345618
 275.000000 0.329507
 276.000000 0.330146
 277.000000 0.341068
 278.000000 0.331315
 279.000000 0.332367
 280.000000 0.341776
 281.000000 0.332850
 282.000000 0.340029
 283.000000 0.345872
 284.000000 0.337136
 285.000000 0.334574
 286.000000 0.348753
 287.000000 0.350552
 288.000000 0.356333
 289.000000 0.359234
 290.000000 0.345272
 291.000000 0.355171
 292.000000 0.350814
 293.000000 0.347299
 294.000000 0.350510
 295.000000 0.343958
 296.000000 0.340476
 297.000000 0.357537
 298.000000 0.351331
 299.000000 0.351067
 300.000000 0.356076
 301.000000 0.356656
 302.000000 0.364264
 303.000000 0.346922
 304.000000 0.353586
 305.000000 0.369299
 306.000000 0.355483
 307.000000 0.368767
 308.000000 0.368805
 309.000000 0.357392
 310.000000 0.372819
 311.000000 0.363654
 312.000000 0.357223
 313.000000 0.357638
 314.000000 0.359973
 315.000000 0.347981
 316.000000 0.344733
 317.000000 0.345010
 318.000000 0.354029
 319.000000 0.365641
 320.000000 0.364001
 321.000000 0.358691
 322.000000 0.361724
 323.000000 0.370196
 324.000000 0.368813
 325.000000 0.381507
 326.000000 0.379827
 327.000000 0.370728
 328.000000 0.367026
 329.000000 0.361815
 330.000000 0.374418
 331.000000 0.382380
 332.000000 0.371342
 333.000000 0.381346
 334.000000 0.369247
 335.000000 0.372982
 336.000000 0.375023
 337.000000 0.375042
 338.000000 0.380819
 339.000000 0.368830
 340.000000 0.369241
 341.000000 0.371255
 342.000000 0.371957
 343.000000 0.370894
 344.000000 0.384976
 345.000000 0.379363
 346.000000 0.385209
 347.000000 0.380558
 348.000000 0.372055
 349.000000 0.377869
 350.000000 0.373970
 351.000000 0.376244
 352.000000 0.377035
 353.000000 0.368074
 354.000000 0.362527
 355.000000 0.364728
 356.000000 0.370621
 357.000000 0.373928
 358.000000 0.367629
 359.000000 0.370847
 360.000000 0.371012
 361.000000 0.380969
 362.000000 0.397513
 363.000000 0.389559
 364.000000 0.382958
 365.000000 0.372277
 366.000000 0.365347
 367.000000 0.365657
 368.000000 0.361677
 369.000000 0.358576
 370.000000 0.387227
 371.000000 0.363830
 372.000000 0.365571
 373.000000 0.375830
 374.000000 0.371797
 375.000000 0.358311
 376.000000 0.358657
 377.000000 0.361768
 378.000000 0.378815
 379.000000 0.374599
 380.000000 0.373768
 381.000000 0.370921
 382.000000 0.371766
 383.000000 0.370932
 384.000000 0.365892
 385.000000 0.376944
 386.000000 0.385164
 387.000000 0.378947
 388.000000 0.398974
 389.000000 0.391566
 390.000000 0.376751
 391.000000 0.387396
 392.000000 0.376045
 393.000000 0.392532
 394.000000 0.383075
 395.000000 0.375567
 396.000000 0.388014
 397.000000 0.388886
 398.000000 0.394457
 399.000000 0.388760
 400.000000 0.375079
 401.000000 0.377143
 402.000000 0.391575
 403.000000 0.386064
 404.000000 0.383655
 405.000000 0.370023
 406.000000 0.365166
 407.000000 0.364955
 408.000000 0.376741
 409.000000 0.388322
 410.000000 0.393555
 411.000000 0.368014
 412.000000 0.373418
 413.000000 0.381666
 414.000000 0.377708
 415.000000 0.385859
 416.000000 0.383917
 417.000000 0.402827
 418.000000 0.387436
 419.000000 0.401739
 420.000000 0.389372
 421.000000 0.381652
 422.000000 0.389137
 423.000000 0.383320
 424.000000 0.384558
 425.000000 0.377894
 426.000000 0.381052
 427.000000 0.376209
 428.000000 0.373174
 429.000000 0.392049
 430.000000 0.389169
 431.000000 0.391670
 432.000000 0.377543
 433.000000 0.383317
 434.000000 0.381630
 435.000000 0.381674
 436.000000 0.383026
 437.000000 0.393886
 438.000000 0.405369
 439.000000 0.389616
 440.000000 0.408712
 441.000000 0.407257
 442.000000 0.403024
 443.000000 0.417895
 444.000000 0.394189
 445.000000 0.396992
 446.000000 0.392575
 447.000000 0.410099
 448.000000 0.399101
 449.000000 0.399416
 450.000000 0.388600
 451.000000 0.391447
 452.000000 0.389566
 453.000000 0.393513
 454.000000 0.394615
 455.000000 0.396553
 456.000000 0.393906
 457.000000 0.393144
 458.000000 0.381502
 459.000000 0.398359
 460.000000 0.391573
 461.000000 0.398128
 462.000000 0.409878
 463.000000 0.392514
 464.000000 0.390266
 465.000000 0.383434
 466.000000 0.385420
 467.000000 0.390940
 468.000000 0.392009
 469.000000 0.403675
 470.000000 0.405546
 471.000000 0.404363
 472.000000 0.406132
 473.000000 0.405074
 474.000000 0.401605
 475.000000 0.398868
 476.000000 0.395925
 477.000000 0.394234
 478.000000 0.399132
 479.000000 0.404695
 480.000000 0.404176
 481.000000 0.383521
 482.000000 0.385566
 483.000000 0.391839
 484.000000 0.386906
 485.000000 0.381243
 486.000000 0.386427
 487.000000 0.391401
 488.000000 0.398309
 489.000000 0.390344
 490.000000 0.394034
 491.000000 0.408686
 492.000000 0.407110
 493.000000 0.385293
 494.000000 0.396434
 495.000000 0.390076
 496.000000 0.400773
 497.000000 0.400169
 498.000000 0.411935
 499.000000 0.413807
 500.000000 0.421136
 501.000000 0.408203
 502.000000 0.397765
 503.000000 0.392569
 504.000000 0.402956
 505.000000 0.393551
 506.000000 0.402349
 507.000000 0.407350
 508.000000 0.406832
 509.000000 0.393556
 510.000000 0.408223
 511.000000 0.411183
 512.000000 0.394485
 513.000000 0.403787
 514.000000 0.408270
 515.000000 0.415974
 516.000000 0.417060
 517.000000 0.419551
 518.000000 0.409978
 519.000000 0.408502
 520.000000 0.422815
 521.000000 0.419128
 522.000000 0.417258
 523.000000 0.408526
 524.000000 0.390450
 525.000000 0.399244
 526.000000 0.397582
 527.000000 0.392725
 528.000000 0.404699
 529.000000 0.415294
 530.000000 0.412305
 531.000000 0.406958
 532.000000 0.408177
 533.000000 0.405197
 534.000000 0.401934
 535.000000 0.417111
 536.000000 0.409913
 537.000000 0.411263
 538.000000 0.411517
 539.000000 0.404756
 540.000000 0.409841
 541.000000 0.412648
 542.000000 0.419985
 543.000000 0.407049
 544.000000 0.418395
 545.000000 0.411454
 546.000000 0.394337
 547.000000 0.399017
 548.000000 0.401695
 549.000000 0.411568
 550.000000 0.428455
 551.000000 0.412003
 552.000000 0.399741
 553.000000 0.412205
 554.000000 0.409730
 555.000000 0.411743
 556.000000 0.419031
 557.000000 0.415539
 558.000000 0.419122
 559.000000 0.412894
 560.000000 0.404122
 561.000000 0.425576
 562.000000 0.408555
 563.000000 0.420287
 564.000000 0.417668
 565.000000 0.420314
 566.000000 0.409156
 567.000000 0.402504
 568.000000 0.411353
 569.000000 0.411563
 570.000000 0.405867
 571.000000 0.419899
 572.000000 0.415002
 573.000000 0.419756
 574.000000 0.412800
 575.000000 0.412639
 576.000000 0.417018
 577.000000 0.417837
 578.000000 0.417829
 579.000000 0.428233
 580.000000 0.422072
 581.000000 0.403274
 582.000000 0.411242
 583.000000 0.419033
 584.000000 0.426607
 585.000000 0.412679
 586.000000 0.422224
 587.000000 0.412327
 588.000000 0.407850
 589.000000 0.419996
 590.000000 0.407801
 591.000000 0.414022
 592.000000 0.419797
 593.000000 0.425870
 594.000000 0.417804
 595.000000 0.421018
 596.000000 0.420115
 597.000000 0.431869
 598.000000 0.422939
 599.000000 0.417472
 600.000000 0.420239
 601.000000 0.419798
 602.000000 0.419045
 603.000000 0.435591
 604.000000 0.432284
 605.000000 0.428240
 606.000000 0.419226
 607.000000 0.435686
 608.000000 0.420439
 609.000000 0.419213
 610.000000 0.421822
 611.000000 0.428406
 612.000000 0.430353
 613.000000 0.435911
 614.000000 0.425667
 615.000000 0.418083
 616.000000 0.422465
 617.000000 0.427940
 618.000000 0.418047
 619.000000 0.429793
 620.000000 0.428242
 621.000000 0.434026
 622.000000 0.437046
 623.000000 0.430738
 624.000000 0.421832
 625.000000 0.433971
 626.000000 0.415072
 627.000000 0.425182
 628.000000 0.433211
 629.000000 0.429274
 630.000000 0.426348
 631.000000 0.422837
 632.000000 0.439101
 633.000000 0.426583
 634.000000 0.448780
 635.000000 0.426335
 636.000000 0.447328
 637.000000 0.432472
 638.000000 0.447112
 639.000000 0.436328
 640.000000 0.442264
 641.000000 0.442416
 642.000000 0.449675
 643.000000 0.442027
 644.000000 0.433011
 645.000000 0.452270
 646.000000 0.437271
 647.000000 0.464525
 648.000000 0.448443
 649.000000 0.453349
 650.000000 0.443417
 651.000000 0.430760
 652.000000 0.441808
 653.000000 0.442375
 654.000000 0.447107
 655.000000 0.445058
 656.000000 0.451672
 657.000000 0.453616
 658.000000 0.443485
 659.000000 0.441481
 660.000000 0.430247
 661.000000 0.438879
 662.000000 0.441547
 663.000000 0.441990
 664.000000 0.442873
 665.000000 0.445579
 666.000000 0.441850
 667.000000 0.436042
 668.000000 0.444954
 669.000000 0.448308
 670.000000 0.449636
 671.000000 0.431526
 672.000000 0.446188
 673.000000 0.440289
 674.000000 0.443416
 675.000000 0.453722
 676.000000 0.442046
 677.000000 0.450600
 678.000000 0.449876
 679.000000 0.443833
 680.000000 0.453439
 681.000000 0.463310
 682.000000 0.451812
 683.000000 0.451539
 684.000000 0.449307
 685.000000 0.446236
 686.000000 0.443564
 687.000000 0.446885
 688.000000 0.451827
 689.000000 0.444181
 690.000000 0.447145
 691.000000 0.440851
 692.000000 0.457312
 693.000000 0.457196
 694.000000 0.456372
 695.000000 0.447917
 696.000000 0.445100
 697.000000 0.432695
 698.000000 0.449797
 699.000000 0.451949
 700.000000 0.439498
 701.000000 0.440176
 702.000000 0.439262
 703.000000 0.439335
 704.000000 0.440446
 705.000000 0.448583
 706.000000 0.446158
 707.000000 0.447447
 708.000000 0.438996
 709.000000 0.438245
 710.000000 0.447043
 711.000000 0.447732
 712.000000 0.446092
 713.000000 0.448531
 714.000000 0.447684
 715.000000 0.449829
 716.000000 0.455995
 717.000000 0.447487
 718.000000 0.449515
 719.000000 0.456539
 720.000000 0.455283
 721.000000 0.467735
 722.000000 0.463922
 723.000000 0.475676
 724.000000 0.465930
 725.000000 0.471443
 726.000000 0.462699
 727.000000 0.457942
 728.000000 0.465386
 729.000000 0.463612
 730.000000 0.469634
 731.000000 0.469142
 732.000000 0.460333
 733.000000 0.468120
 734.000000 0.460121
 735.000000 0.444572
 736.000000 0.472498
 737.000000 0.457829
 738.000000 0.452785
 739.000000 0.437730
 740.000000 0.443116
 741.000000 0.454293
 742.000000 0.453789
 743.000000 0.469270
 744.000000 0.458803
 745.000000 0.458361
 746.000000 0.482571
 747.000000 0.455858
 748.000000 0.453512
 749.000000 0.467610
 750.000000 0.467243
 751.000000 0.461469
 752.000000 0.455477
 753.000000 0.463679
 754.000000 0.452958
 755.000000 0.467171
 756.000000 0.456606
 757.000000 0.460341
 758.000000 0.474357
 759.000000 0.469327
 760.000000 0.476413
 761.000000 0.482226
 762.000000 0.469021
 763.000000 0.467918
 764.000000 0.478540
 765.000000 0.475088
 766.000000 0.478077
 767.000000 0.475498
 768.000000 0.474021
 769.000000 0.466598
 770.000000 0.465090
 771.000000 0.484343
 772.000000 0.466052
 773.000000 0.464990
 774.000000 0.462197
 775.000000 0.464075
 776.000000 0.474851
 777.000000 0.480609
 778.000000 0.476149
 779.000000 0.484586
 780.000000 0.480174
 781.000000 0.487217
 782.000000 0.472224
 783.000000 0.462868
 784.000000 0.469310
 785.000000 0.470173
 786.000000 0.475630
 787.000000 0.484637
 788.000000 0.490931
 789.000000 0.461957
 790.000000 0.467960
 791.000000 0.475080
 792.000000 0.475817
 793.000000 0.479383
 794.000000 0.479020
 795.000000 0.472879
 796.000000 0.464276
 797.000000 0.474045
 798.000000 0.473289
 799.000000 0.473424
 800.000000 0.474597
 801.000000 0.479990
 802.000000 0.477018
 803.000000 0.488800
 804.000000 0.463220
 805.000000 0.471757
 806.000000 0.483638
 807.000000 0.473437
 808.000000 0.475802
 809.000000 0.469793
 810.000000 0.460524
 811.000000 0.480078
 812.000000 0.471150
 813.000000 0.471225
 814.000000 0.488728
 815.000000 0.480312
 816.000000 0.481998
 817.000000 0.468618
 818.000000 0.476706
 819.000000 0.462958
 820.000000 0.468114
 821.000000 0.493829
 822.000000 0.477087
 823.000000 0.481481
 824.000000 0.490813
 825.000000 0.486712
 826.000000 0.484988
 827.000000 0.485650
 828.000000 0.489724
 829.000000 0.486474
 830.000000 0.485772
 831.000000 0.477282
 832.000000 0.476780
 833.000000 0.469424
 834.000000 0.481417
 835.000000 0.476456
 836.000000 0.480112
 837.000000 0.487705
 838.000000 0.481520
 839.000000 0.479782
 840.000000 0.481425
 841.000000 0.473327
 842.000000 0.486524
 843.000000 0.474649
 844.000000 0.468806
 845.000000 0.472681
 846.000000 0.492705
 847.000000 0.490301
 848.000000 0.470650
 849.000000 0.468451
 850.000000 0.488775
 851.000000 0.483544
 852.000000 0.497563
 853.000000 0.490967
 854.000000 0.484797
 855.000000 0.499414
 856.000000 0.492126
 857.000000 0.482344
 858.000000 0.483708
 859.000000 0.481461
 860.000000 0.479717
 861.000000 0.475449
 862.000000 0.484519
 863.000000 0.495943
 864.000000 0.500720
 865.000000 0.485384
 866.000000 0.490389
 867.000000 0.479033
 868.000000 0.485961
 869.000000 0.485478
 870.000000 0.481313
 871.000000 0.487381
 872.000000 0.493064
 873.000000 0.488664
 874.000000 0.477832
 875.000000 0.480033
 876.000000 0.466493
 877.000000 0.490997
 878.000000 0.478220
 879.000000 0.478271
 880.000000 0.493357
 881.000000 0.490296
 882.000000 0.504843
 883.000000 0.504933
 884.000000 0.495018
 885.000000 0.491669
 886.000000 0.491926
 887.000000 0.484375
 888.000000 0.483112
 889.000000 0.491593
 890.000000 0.482970
 891.000000 0.484570
 892.000000 0.494242
 893.000000 0.493061
 894.000000 0.489848
 895.000000 0.501098
 896.000000 0.494790
 897.000000 0.504377
 898.000000 0.494497
 899.000000 0.480942
 900.000000 0.491050
 901.000000 0.494234
 902.000000 0.504322
 903.000000 0.471253
 904.000000 0.490795
 905.000000 0.487749
 906.000000 0.493782
 907.000000 0.491705
 908.000000 0.499317
 909.000000 0.507847
 910.000000 0.494851
 911.000000 0.491573
 912.000000 0.490950
 913.000000 0.481936
 914.000000 0.490867
 915.000000 0.489935
 916.000000 0.497668
 917.000000 0.486488
 918.000000 0.498912
 919.000000 0.507101
 920.000000 0.514580
 921.000000 0.506659
 922.000000 0.508241
 923.000000 0.501210
 924.000000 0.505085
 925.000000 0.502538
 926.000000 0.482759
 927.000000 0.500050
 928.000000 0.505131
 929.000000 0.494599
 930.000000 0.496971
 931.000000 0.509267
 932.000000 0.501109
 933.000000 0.499077
 934.000000 0.506795
 935.000000 0.504855
 936.000000 0.508974
 937.000000 0.513537
 938.000000 0.495835
 939.000000 0.497359
 940.000000 0.495894
 941.000000 0.514637
 942.000000 0.503506
 943.000000 0.493564
 944.000000 0.499129
 945.000000 0.506777
 946.000000 0.510271
 947.000000 0.512738
 948.000000 0.516134
 949.000000 0.491741
 950.000000 0.498589
 951.000000 0.504997
 952.000000 0.515970
 953.000000 0.511071
 954.000000 0.513084
 955.000000 0.506595
 956.000000 0.507597
 957.000000 0.502275
 958.000000 0.500636
 959.000000 0.496706
 960.000000 0.502763
 961.000000 0.497920
 962.000000 0.511949
 963.000000 0.509506
 964.000000 0.507354
 965.000000 0.510660
 966.000000 0.505266
 967.000000 0.493995
 968.000000 0.502316
 969.000000 0.495559
 970.000000 0.507479
 971.000000 0.512832
 972.000000 0.509906
 973.000000 0.513093
 974.000000 0.500546
 975.000000 0.496309
 976.000000 0.498264
 977.000000 0.493957
 978.000000 0.521606
 979.000000 0.507595
 980.000000 0.496536
 981.000000 0.513030
 982.000000 0.512344
 983.000000 0.505320
 984.000000 0.512395
 985.000000 0.512170
 986.000000 0.525138
 987.000000 0.515455
 988.000000 0.516237
 989.000000 0.506536
 990.000000 0.509453
 991.000000 0.515020
 992.000000 0.512088
 993.000000 0.502886
 994.000000 0.523513
 995.000000 0.528083
 996.000000 0.525288
 997.000000 0.520723
 998.000000 0.515479
 999.000000 0.503326
 1000.000000 0.515727
 1001.000000 0.511560
 1002.000000 0.504939
 1003.000000 0.513225
 1004.000000 0.524127
 1005.000000 0.524570
 1006.000000 0.517728
 1007.000000 0.515771
 1008.000000 0.515765
 1009.000000 0.523522
 1010.000000 0.523240
 1011.000000 0.494226
 1012.000000 0.509370
 1013.000000 0.519897
 1014.000000 0.522281
 1015.000000 0.517394
 1016.000000 0.503336
 1017.000000 0.516052
 1018.000000 0.523972
 1019.000000 0.528798
 1020.000000 0.522701
 1021.000000 0.525783
 1022.000000 0.516707
 1023.000000 0.524308
 1024.000000 0.526600
 1025.000000 0.515827
 1026.000000 0.534367
 1027.000000 0.505612
 1028.000000 0.526533
 1029.000000 0.517547
 1030.000000 0.518950
 1031.000000 0.529034
 1032.000000 0.513024
 1033.000000 0.532626
 1034.000000 0.527414
 1035.000000 0.528760
 1036.000000 0.512587
 1037.000000 0.519165
 1038.000000 0.526589
 1039.000000 0.528571
 1040.000000 0.543832
 1041.000000 0.527834
 1042.000000 0.529190
 1043.000000 0.525110
 1044.000000 0.530897
 1045.000000 0.521444
 1046.000000 0.517127
 1047.000000 0.531553
 1048.000000 0.528327
 1049.000000 0.527467
 1050.000000 0.520880
 1051.000000 0.524433
 1052.000000 0.530143
 1053.000000 0.529701
 1054.000000 0.532859
 1055.000000 0.551211
 1056.000000 0.540382
 1057.000000 0.546736
 1058.000000 0.535498
 1059.000000 0.542404
 1060.000000 0.531934
 1061.000000 0.537411
 1062.000000 0.543137
 1063.000000 0.535274
 1064.000000 0.546343
 1065.000000 0.531430
 1066.000000 0.534334
 1067.000000 0.536297
 1068.000000 0.533334
 1069.000000 0.536963
 1070.000000 0.526797
 1071.000000 0.521313
 1072.000000 0.541604
 1073.000000 0.535226
 1074.000000 0.535669
 1075.000000 0.519573
 1076.000000 0.518486
 1077.000000 0.523643
 1078.000000 0.527685
 1079.000000 0.542546
 1080.000000 0.525727
 1081.000000 0.524896
 1082.000000 0.527278
 1083.000000 0.548645
 1084.000000 0.541444
 1085.000000 0.536555
 1086.000000 0.546082
 1087.000000 0.542400
 1088.000000 0.529086
 1089.000000 0.522651
 1090.000000 0.534957
 1091.000000 0.534067
 1092.000000 0.547176
 1093.000000 0.520096
 1094.000000 0.538695
 1095.000000 0.532664
 1096.000000 0.536990
 1097.000000 0.523446
 1098.000000 0.543780
 1099.000000 0.518112
 1100.000000 0.524073
 1101.000000 0.540183
 1102.000000 0.525076
 1103.000000 0.524487
 1104.000000 0.532666
 1105.000000 0.526355
 1106.000000 0.542032
 1107.000000 0.533672
 1108.000000 0.536948
 1109.000000 0.543712
 1110.000000 0.527398
 1111.000000 0.532966
 1112.000000 0.544283
 1113.000000 0.525873
 1114.000000 0.527243
 1115.000000 0.531619
 1116.000000 0.520341
 1117.000000 0.536433
 1118.000000 0.529124
 1119.000000 0.541826
 1120.000000 0.544190
 1121.000000 0.542263
 1122.000000 0.545119
 1123.000000 0.543776
 1124.000000 0.547719
 1125.000000 0.542101
 1126.000000 0.541537
 1127.000000 0.529726
 1128.000000 0.540132
 1129.000000 0.541407
 1130.000000 0.540085
 1131.000000 0.538244
 1132.000000 0.544424
 1133.000000 0.543210
 1134.000000 0.530030
 1135.000000 0.538488
 1136.000000 0.538265
 1137.000000 0.547097
 1138.000000 0.555026
 1139.000000 0.541401
 1140.000000 0.540332
 1141.000000 0.550848
 1142.000000 0.550798
 1143.000000 0.558803
 1144.000000 0.553795
 1145.000000 0.547284
 1146.000000 0.535529
 1147.000000 0.532150
 1148.000000 0.551882
 1149.000000 0.543537
 1150.000000 0.545381
 1151.000000 0.549274
 1152.000000 0.545348
 1153.000000 0.541790
 1154.000000 0.545686
 1155.000000 0.544977
 1156.000000 0.553670
 1157.000000 0.542129
 1158.000000 0.552686
 1159.000000 0.552623
 1160.000000 0.542607
 1161.000000 0.552693
 1162.000000 0.545519
 1163.000000 0.545759
 1164.000000 0.545056
 1165.000000 0.552973
 1166.000000 0.546919
 1167.000000 0.541887
 1168.000000 0.541716
 1169.000000 0.548310
 1170.000000 0.553903
 1171.000000 0.559312
 1172.000000 0.560284
 1173.000000 0.566501
 1174.000000 0.559598
 1175.000000 0.555875
 1176.000000 0.555730
 1177.000000 0.547427
 1178.000000 0.546717
 1179.000000 0.562157
 1180.000000 0.571156
 1181.000000 0.558253
 1182.000000 0.563561
 1183.000000 0.570599
 1184.000000 0.558662
 1185.000000 0.560781
 1186.000000 0.553457
 1187.000000 0.546828
 1188.000000 0.551119
 1189.000000 0.548332
 1190.000000 0.551216
 1191.000000 0.553042
 1192.000000 0.563999
 1193.000000 0.560465
 1194.000000 0.567755
 1195.000000 0.568140
 1196.000000 0.571107
 1197.000000 0.567682
 1198.000000 0.574658
 1199.000000 0.560664
 1200.000000 0.554993
 1201.000000 0.550288
 1202.000000 0.550250
 1203.000000 0.572197
 1204.000000 0.561209
 1205.000000 0.571413
 1206.000000 0.575062
 1207.000000 0.559118
 1208.000000 0.551630
 1209.000000 0.559834
 1210.000000 0.566833
 1211.000000 0.577292
 1212.000000 0.563826
 1213.000000 0.565351
 1214.000000 0.576676
 1215.000000 0.572888
 1216.000000 0.564453
 1217.000000 0.581272
 1218.000000 0.563451
 1219.000000 0.568145
 1220.000000 0.570812
 1221.000000 0.565694
 1222.000000 0.563810
 1223.000000 0.568839
 1224.000000 0.561813
 1225.000000 0.571850
 1226.000000 0.566718
 1227.000000 0.562835
 1228.000000 0.587431
 1229.000000 0.561586
 1230.000000 0.568400
 1231.000000 0.574826
 1232.000000 0.579790
 1233.000000 0.568741
 1234.000000 0.570907
 1235.000000 0.575686
 1236.000000 0.568875
 1237.000000 0.581287
 1238.000000 0.569209
 1239.000000 0.572990
 1240.000000 0.573481
 1241.000000 0.559657
 1242.000000 0.572710
 1243.000000 0.570731
 1244.000000 0.561682
 1245.000000 0.568183
 1246.000000 0.565853
 1247.000000 0.576517
 1248.000000 0.559878
 1249.000000 0.569517
 1250.000000 0.562073
 1251.000000 0.560188
 1252.000000 0.561594
 1253.000000 0.559671
 1254.000000 0.568891
 1255.000000 0.563736
 1256.000000 0.559340
 1257.000000 0.582698
 1258.000000 0.580690
 1259.000000 0.557347
 1260.000000 0.565974
 1261.000000 0.562950
 1262.000000 0.563461
 1263.000000 0.565071
 1264.000000 0.575624
 1265.000000 0.571492
 1266.000000 0.568753
 1267.000000 0.587047
 1268.000000 0.578025
 1269.000000 0.570970
 1270.000000 0.568465
 1271.000000 0.580349
 1272.000000 0.578250
 1273.000000 0.578876
 1274.000000 0.580007
 1275.000000 0.587835
 1276.000000 0.585034
 1277.000000 0.580313
 1278.000000 0.565961
 1279.000000 0.572259
 1280.000000 0.570677
 1281.000000 0.559475
 1282.000000 0.575482
 1283.000000 0.573379
 1284.000000 0.572915
 1285.000000 0.568955
 1286.000000 0.585945
 1287.000000 0.568825
 1288.000000 0.566210
 1289.000000 0.571501
 1290.000000 0.555794
 1291.000000 0.570431
 1292.000000 0.572260
 1293.000000 0.578875
 1294.000000 0.585668
 1295.000000 0.584570
 1296.000000 0.573141
 1297.000000 0.570254
 1298.000000 0.580696
 1299.000000 0.569785
 1300.000000 0.574738
 1301.000000 0.583727
 1302.000000 0.575386
 1303.000000 0.580590
 1304.000000 0.583222
 1305.000000 0.583930
 1306.000000 0.576334
 1307.000000 0.577790
 1308.000000 0.557476
 1309.000000 0.583964
 1310.000000 0.569578
 1311.000000 0.571310
 1312.000000 0.577645
 1313.000000 0.565861
 1314.000000 0.583177
 1315.000000 0.587293
 1316.000000 0.590773
 1317.000000 0.578707
 1318.000000 0.576055
 1319.000000 0.587130
 1320.000000 0.582498
 1321.000000 0.565463
 1322.000000 0.571196
 1323.000000 0.583719
 1324.000000 0.579761
 1325.000000 0.580588
 1326.000000 0.584043
 1327.000000 0.577032
 1328.000000 0.578670
 1329.000000 0.568657
 1330.000000 0.569851
 1331.000000 0.584399
 1332.000000 0.593193
 1333.000000 0.566524
 1334.000000 0.568720
 1335.000000 0.569237
 1336.000000 0.584399
 1337.000000 0.591338
 1338.000000 0.590849
 1339.000000 0.595853
 1340.000000 0.604171
 1341.000000 0.592804
 1342.000000 0.593498
 1343.000000 0.595395
 1344.000000 0.606889
 1345.000000 0.594798
 1346.000000 0.594468
 1347.000000 0.597529
 1348.000000 0.596209
 1349.000000 0.598137
 1350.000000 0.603731
 1351.000000 0.597378
 1352.000000 0.594168
 1353.000000 0.597564
 1354.000000 0.596236
 1355.000000 0.595287
 1356.000000 0.603329
 1357.000000 0.600101
 1358.000000 0.586012
 1359.000000 0.585974
 1360.000000 0.594776
 1361.000000 0.598478
 1362.000000 0.603190
 1363.000000 0.598596
 1364.000000 0.609073
 1365.000000 0.610353
 1366.000000 0.598253
 1367.000000 0.604905
 1368.000000 0.602263
 1369.000000 0.606417
 1370.000000 0.603094
 1371.000000 0.604612
 1372.000000 0.606488
 1373.000000 0.595061
 1374.000000 0.591889
 1375.000000 0.595994
 1376.000000 0.606366
 1377.000000 0.597654
 1378.000000 0.615712
 1379.000000 0.596006
 1380.000000 0.600157
 1381.000000 0.603021
 1382.000000 0.587203
 1383.000000 0.602434
 1384.000000 0.591798
 1385.000000 0.597939
 1386.000000 0.601557
 1387.000000 0.601580
 1388.000000 0.616563
 1389.000000 0.601435
 1390.000000 0.603387
 1391.000000 0.606179
 1392.000000 0.602792
 1393.000000 0.600315
 1394.000000 0.604238
 1395.000000 0.595608
 1396.000000 0.613923
 1397.000000 0.598529
 1398.000000 0.598633
 1399.000000 0.607290
 1400.000000 0.608923
 1401.000000 0.598126
 1402.000000 0.599580
 1403.000000 0.598269
 1404.000000 0.590695
 1405.000000 0.601181
 1406.000000 0.587225
 1407.000000 0.603253
 1408.000000 0.598422
 1409.000000 0.597781
 1410.000000 0.606655
 1411.000000 0.598790
 1412.000000 0.607434
 1413.000000 0.612426
 1414.000000 0.608274
 1415.000000 0.595520
 1416.000000 0.583170
 1417.000000 0.593193
 1418.000000 0.594085
 1419.000000 0.594117
 1420.000000 0.604185
 1421.000000 0.601516
 1422.000000 0.601641
 1423.000000 0.602047
 1424.000000 0.599135
 1425.000000 0.596930
 1426.000000 0.604076
 1427.000000 0.603615
 1428.000000 0.609755
 1429.000000 0.609504
 1430.000000 0.604703
 1431.000000 0.594245
 1432.000000 0.606052
 1433.000000 0.620242
 1434.000000 0.601711
 1435.000000 0.616518
 1436.000000 0.612504
 1437.000000 0.613722
 1438.000000 0.619354
 1439.000000 0.631806
 1440.000000 0.617650
 1441.000000 0.597077
 1442.000000 0.623548
 1443.000000 0.611075
 1444.000000 0.594151
 1445.000000 0.610191
 1446.000000 0.613367
 1447.000000 0.611873
 1448.000000 0.600128
 1449.000000 0.613141
 1450.000000 0.618763
 1451.000000 0.615940
 1452.000000 0.593250
 1453.000000 0.614465
 1454.000000 0.609174
 1455.000000 0.626121
 1456.000000 0.608276
 1457.000000 0.608964
 1458.000000 0.607072
 1459.000000 0.620615
 1460.000000 0.617172
 1461.000000 0.616815
 1462.000000 0.615684
 1463.000000 0.627904
 1464.000000 0.621894
 1465.000000 0.622427
 1466.000000 0.611220
 1467.000000 0.613087
 1468.000000 0.630359
 1469.000000 0.628790
 1470.000000 0.605034
 1471.000000 0.603427
 1472.000000 0.608757
 1473.000000 0.600151
 1474.000000 0.616182
 1475.000000 0.602363
 1476.000000 0.600878
 1477.000000 0.587378
 1478.000000 0.610069
 1479.000000 0.626629
 1480.000000 0.594216
 1481.000000 0.591535
 1482.000000 0.600624
 1483.000000 0.605884
 1484.000000 0.607299
 1485.000000 0.613333
 1486.000000 0.609623
 1487.000000 0.604332
 1488.000000 0.612843
 1489.000000 0.626367
 1490.000000 0.611671
 1491.000000 0.612287
 1492.000000 0.618231
 1493.000000 0.611780
 1494.000000 0.619867
 1495.000000 0.626833
 1496.000000 0.610159
 1497.000000 0.621906
 1498.000000 0.623649
 1499.000000 0.617010
 1500.000000 0.632224
 1501.000000 0.615774
 1502.000000 0.626142
 1503.000000 0.621941
 1504.000000 0.626496
 1505.000000 0.637666
 1506.000000 0.626747
 1507.000000 0.629820
 1508.000000 0.631397
 1509.000000 0.618687
 1510.000000 0.625727
 1511.000000 0.640841
 1512.000000 0.621148
 1513.000000 0.631708
 1514.000000 0.621382
 1515.000000 0.628075
 1516.000000 0.611840
 1517.000000 0.629523
 1518.000000 0.620586
 1519.000000 0.626229
 1520.000000 0.625464
 1521.000000 0.634344
 1522.000000 0.622652
 1523.000000 0.631749
 1524.000000 0.625179
 1525.000000 0.642990
 1526.000000 0.622297
 1527.000000 0.620069
 1528.000000 0.631890
 1529.000000 0.625710
 1530.000000 0.627656
 1531.000000 0.624363
 1532.000000 0.631013
 1533.000000 0.614696
 1534.000000 0.630609
 1535.000000 0.631632
 1536.000000 0.627047
 1537.000000 0.628450
 1538.000000 0.637273
 1539.000000 0.639334
 1540.000000 0.640310
 1541.000000 0.634182
 1542.000000 0.635747
 1543.000000 0.650144
 1544.000000 0.641284
 1545.000000 0.627091
 1546.000000 0.635180
 1547.000000 0.630762
 1548.000000 0.652317
 1549.000000 0.629422
 1550.000000 0.629344
 1551.000000 0.621428
 1552.000000 0.628635
 1553.000000 0.612864
 1554.000000 0.641178
 1555.000000 0.629206
 1556.000000 0.627776
 1557.000000 0.629784
 1558.000000 0.626658
 1559.000000 0.618773
 1560.000000 0.640549
 1561.000000 0.637784
 1562.000000 0.640348
 1563.000000 0.637323
 1564.000000 0.625487
 1565.000000 0.637314
 1566.000000 0.638253
 1567.000000 0.634870
 1568.000000 0.639158
 1569.000000 0.636612
 1570.000000 0.631832
 1571.000000 0.641133
 1572.000000 0.630322
 1573.000000 0.633389
 1574.000000 0.642614
 1575.000000 0.647712
 1576.000000 0.642626
 1577.000000 0.661997
 1578.000000 0.640849
 1579.000000 0.623966
 1580.000000 0.637548
 1581.000000 0.636676
 1582.000000 0.640087
 1583.000000 0.651533
 1584.000000 0.648369
 1585.000000 0.632446
 1586.000000 0.636528
 1587.000000 0.628533
 1588.000000 0.645722
 1589.000000 0.638129
 1590.000000 0.645628
 1591.000000 0.630399
 1592.000000 0.638545
 1593.000000 0.635888
 1594.000000 0.632282
 1595.000000 0.623585
 1596.000000 0.638623
 1597.000000 0.653944
 1598.000000 0.644437
 1599.000000 0.641094
 1600.000000 0.635327
 1601.000000 0.644012
 1602.000000 0.641136
 1603.000000 0.638712
 1604.000000 0.627162
 1605.000000 0.629678
 1606.000000 0.648184
 1607.000000 0.634910
 1608.000000 0.651418
 1609.000000 0.632862
 1610.000000 0.644118
 1611.000000 0.641386
 1612.000000 0.641806
 1613.000000 0.647659
 1614.000000 0.642036
 1615.000000 0.644701
 1616.000000 0.645882
 1617.000000 0.641823
 1618.000000 0.656580
 1619.000000 0.650075
 1620.000000 0.652240
 1621.000000 0.649348
 1622.000000 0.650471
 1623.000000 0.651021
 1624.000000 0.644354
 1625.000000 0.656946
 1626.000000 0.659379
 1627.000000 0.648044
 1628.000000 0.654276
 1629.000000 0.647599
 1630.000000 0.643455
 1631.000000 0.660241
 1632.000000 0.657695
 1633.000000 0.657003
 1634.000000 0.647999
 1635.000000 0.654350
 1636.000000 0.654000
 1637.000000 0.651621
 1638.000000 0.660732
 1639.000000 0.657601
 1640.000000 0.663283
 1641.000000 0.659704
 1642.000000 0.643381
 1643.000000 0.668627
 1644.000000 0.652914
 1645.000000 0.661378
 1646.000000 0.658123
 1647.000000 0.660135
 1648.000000 0.663217
 1649.000000 0.655236
 1650.000000 0.651467
 1651.000000 0.665316
 1652.000000 0.668271
 1653.000000 0.661600
 1654.000000 0.675807
 1655.000000 0.660585
 1656.000000 0.661822
 1657.000000 0.658030
 1658.000000 0.656581
 1659.000000 0.662940
 1660.000000 0.662014
 1661.000000 0.646459
 1662.000000 0.657067
 1663.000000 0.662492
 1664.000000 0.647756
 1665.000000 0.663794
 1666.000000 0.676242
 1667.000000 0.675662
 1668.000000 0.681384
 1669.000000 0.672394
 1670.000000 0.661188
 1671.000000 0.666024
 1672.000000 0.663111
 1673.000000 0.683289
 1674.000000 0.678091
 1675.000000 0.673269
 1676.000000 0.679069
 1677.000000 0.677775
 1678.000000 0.668900
 1679.000000 0.647812
 1680.000000 0.663589
 1681.000000 0.666923
 1682.000000 0.669631
 1683.000000 0.666526
 1684.000000 0.670415
 1685.000000 0.670141
 1686.000000 0.672640
 1687.000000 0.659704
 1688.000000 0.671194
 1689.000000 0.673896
 1690.000000 0.668618
 1691.000000 0.673577
 1692.000000 0.656844
 1693.000000 0.660580
 1694.000000 0.666262
 1695.000000 0.666949
 1696.000000 0.653806
 1697.000000 0.659999
 1698.000000 0.645469
 1699.000000 0.655181
 1700.000000 0.668759
 1701.000000 0.661760
 1702.000000 0.666464
 1703.000000 0.659094
 1704.000000 0.655790
 1705.000000 0.674153
 1706.000000 0.668029
 1707.000000 0.673616
 1708.000000 0.680195
 1709.000000 0.689561
 1710.000000 0.663344
 1711.000000 0.675084
 1712.000000 0.680440
 1713.000000 0.676212
 1714.000000 0.682460
 1715.000000 0.676408
 1716.000000 0.669361
 1717.000000 0.677503
 1718.000000 0.696181
 1719.000000 0.672860
 1720.000000 0.685523
 1721.000000 0.685378
 1722.000000 0.691573
 1723.000000 0.685825
 1724.000000 0.669793
 1725.000000 0.669529
 1726.000000 0.669583
 1727.000000 0.673503
 1728.000000 0.672964
 1729.000000 0.680037
 1730.000000 0.686690
 1731.000000 0.678826
 1732.000000 0.671235
 1733.000000 0.670873
 1734.000000 0.674923
 1735.000000 0.681152
 1736.000000 0.676905
 1737.000000 0.684537
 1738.000000 0.681732
 1739.000000 0.685812
 1740.000000 0.675170
 1741.000000 0.675404
 1742.000000 0.679820
 1743.000000 0.670015
 1744.000000 0.683363
 1745.000000 0.667058
 1746.000000 0.690542
 1747.000000 0.683201
 1748.000000 0.690592
 1749.000000 0.682942
 1750.000000 0.699266
 1751.000000 0.671349
 1752.000000 0.692588
 1753.000000 0.706749
 1754.000000 0.696729
 1755.000000 0.698374
 1756.000000 0.693932
 1757.000000 0.684227
 1758.000000 0.689393
 1759.000000 0.686587
 1760.000000 0.694429
 1761.000000 0.686847
 1762.000000 0.694443
 1763.000000 0.687954
 1764.000000 0.684493
 1765.000000 0.697153
 1766.000000 0.663424
 1767.000000 0.677896
 1768.000000 0.677921
 1769.000000 0.700065
 1770.000000 0.694754
 1771.000000 0.683010
 1772.000000 0.689023
 1773.000000 0.683151
 1774.000000 0.694096
 1775.000000 0.692678
 1776.000000 0.684784
 1777.000000 0.686510
 1778.000000 0.696289
 1779.000000 0.683520
 1780.000000 0.687624
 1781.000000 0.697386
 1782.000000 0.705740
 1783.000000 0.700350
 1784.000000 0.686502
 1785.000000 0.701752
 1786.000000 0.694855
 1787.000000 0.700277
 1788.000000 0.704550
 1789.000000 0.693183
 1790.000000 0.684664
 1791.000000 0.683869
 1792.000000 0.701168
 1793.000000 0.693785
 1794.000000 0.698263
 1795.000000 0.706070
 1796.000000 0.698709
 1797.000000 0.695477
 1798.000000 0.690068
 1799.000000 0.704595
 1800.000000 0.690475
 1801.000000 0.700854
 1802.000000 0.685061
 1803.000000 0.691348
 1804.000000 0.701852
 1805.000000 0.690478
 1806.000000 0.698793
 1807.000000 0.684443
 1808.000000 0.701695
 1809.000000 0.697981
 1810.000000 0.697588
 1811.000000 0.689194
 1812.000000 0.689876
 1813.000000 0.698193
 1814.000000 0.715106
 1815.000000 0.705495
 1816.000000 0.712606
 1817.000000 0.704681
 1818.000000 0.706634
 1819.000000 0.713254
 1820.000000 0.704963
 1821.000000 0.719797
 1822.000000 0.707547
 1823.000000 0.716074
 1824.000000 0.711302
 1825.000000 0.701601
 1826.000000 0.698196
 1827.000000 0.707497
 1828.000000 0.721069
 1829.000000 0.716327
 1830.000000 0.715084
 1831.000000 0.720099
 1832.000000 0.734773
 1833.000000 0.709390
 1834.000000 0.716788
 1835.000000 0.704665
 1836.000000 0.704000
 1837.000000 0.709237
 1838.000000 0.730386
 1839.000000 0.697559
 1840.000000 0.701557
 1841.000000 0.710791
 1842.000000 0.711540
 1843.000000 0.704240
 1844.000000 0.704467
 1845.000000 0.700662
 1846.000000 0.702244
 1847.000000 0.690866
 1848.000000 0.696151
 1849.000000 0.693882
 1850.000000 0.713599
 1851.000000 0.705701
 1852.000000 0.702438
 1853.000000 0.707045
 1854.000000 0.703776
 1855.000000 0.696691
 1856.000000 0.707789
 1857.000000 0.701987
 1858.000000 0.708871
 1859.000000 0.706207
 1860.000000 0.700757
 1861.000000 0.711700
 1862.000000 0.718753
 1863.000000 0.710090
 1864.000000 0.720067
 1865.000000 0.723247
 1866.000000 0.717404
 1867.000000 0.705230
 1868.000000 0.712367
 1869.000000 0.728647
 1870.000000 0.715836
 1871.000000 0.706475
 1872.000000 0.714417
 1873.000000 0.711932
 1874.000000 0.721474
 1875.000000 0.727358
 1876.000000 0.718278
 1877.000000 0.729481
 1878.000000 0.714062
 1879.000000 0.718547
 1880.000000 0.716818
 1881.000000 0.715817
 1882.000000 0.723361
 1883.000000 0.712146
 1884.000000 0.714251
 1885.000000 0.723297
 1886.000000 0.715262
 1887.000000 0.730004
 1888.000000 0.719685
 1889.000000 0.719634
 1890.000000 0.706409
 1891.000000 0.726480
 1892.000000 0.716037
 1893.000000 0.728078
 1894.000000 0.716463
 1895.000000 0.696281
 1896.000000 0.709403
 1897.000000 0.720176
 1898.000000 0.712011
 1899.000000 0.712172
 1900.000000 0.723780
 1901.000000 0.715097
 1902.000000 0.724945
 1903.000000 0.721797
 1904.000000 0.716436
 1905.000000 0.721121
 1906.000000 0.732770
 1907.000000 0.718313
 1908.000000 0.728258
 1909.000000 0.714336
 1910.000000 0.710177
 1911.000000 0.710831
 1912.000000 0.704491
 1913.000000 0.724447
 1914.000000 0.717438
 1915.000000 0.727501
 1916.000000 0.725733
 1917.000000 0.715875
 1918.000000 0.716235
 1919.000000 0.732738
 1920.000000 0.714543
 1921.000000 0.727908
 1922.000000 0.722704
 1923.000000 0.707473
 1924.000000 0.708445
 1925.000000 0.710603
 1926.000000 0.708282
 1927.000000 0.711164
 1928.000000 0.719955
 1929.000000 0.714305
 1930.000000 0.728927
 1931.000000 0.715127
 1932.000000 0.717728
 1933.000000 0.724031
 1934.000000 0.732167
 1935.000000 0.714335
 1936.000000 0.720218
 1937.000000 0.731701
 1938.000000 0.714151
 1939.000000 0.740701
 1940.000000 0.736429
 1941.000000 0.733484
 1942.000000 0.717973
 1943.000000 0.735242
 1944.000000 0.733643
 1945.000000 0.729391
 1946.000000 0.727829
 1947.000000 0.725131
 1948.000000 0.736661
 1949.000000 0.721623
 1950.000000 0.735110
 1951.000000 0.722222
 1952.000000 0.716071
 1953.000000 0.736047
 1954.000000 0.731279
 1955.000000 0.725060
 1956.000000 0.730519
 1957.000000 0.732917
 1958.000000 0.739646
 1959.000000 0.743367
 1960.000000 0.729422
 1961.000000 0.733281
 1962.000000 0.737979
 1963.000000 0.723553
 1964.000000 0.734216
 1965.000000 0.710493
 1966.000000 0.711725
 1967.000000 0.728771
 1968.000000 0.724394
 1969.000000 0.721284
 1970.000000 0.728766
 1971.000000 0.739282
 1972.000000 0.739971
 1973.000000 0.748557
 1974.000000 0.737490
 1975.000000 0.741828
 1976.000000 0.743853
 1977.000000 0.734178
 1978.000000 0.735963
 1979.000000 0.740578
 1980.000000 0.721796
 1981.000000 0.729483
 1982.000000 0.741601
 1983.000000 0.731053
 1984.000000 0.733383
 1985.000000 0.732996
 1986.000000 0.731018
 1987.000000 0.727479
 1988.000000 0.725355
 1989.000000 0.737029
 1990.000000 0.723309
 1991.000000 0.742579
 1992.000000 0.730783
 1993.000000 0.736462
 1994.000000 0.733667
 1995.000000 0.740112
 1996.000000 0.732299
 1997.000000 0.734089
 1998.000000 0.728489
 1999.000000 0.729435
 2000.000000 0.732154
