#! FIELDS time fusionPoreNucleation
 0.000000 0.150308
 1.000000 0.182090
 2.000000 0.199456
 3.000000 0.180207
 4.000000 0.197517
 5.000000 0.186057
 6.000000 0.197055
 7.000000 0.198947
 8.000000 0.187834
 9.000000 0.185557
 10.000000 0.204446
 11.000000 0.192831
 12.000000 0.196938
 13.000000 0.203006
 14.000000 0.189325
 15.000000 0.188612
 16.000000 0.211380
 17.000000 0.204416
 18.000000 0.214687
 19.000000 0.206459
 20.000000 0.224970
 21.000000 0.208218
 22.000000 0.210225
 23.000000 0.208491
 24.000000 0.214639
 25.000000 0.211375
 26.000000 0.205262
 27.000000 0.207582
 28.000000 0.211195
 29.000000 0.210841
 30.000000 0.210555
 31.000000 0.220203
 32.000000 0.215501
 33.000000 0.224483
 34.000000 0.221780
 35.000000 0.214790
 36.000000 0.206432
 37.000000 0.229799
 38.000000 0.224056
 39.000000 0.207041
 40.000000 0.223012
 41.000000 0.211971
 42.000000 0.221924
 43.000000 0.221937
 44.000000 0.232567
 45.000000 0.236362
 46.000000 0.241611
 47.000000 0.234018
 48.000000 0.242085
 49.000000 0.227084
 50.000000 0.223843
 51.000000 0.215312
 52.000000 0.216215
 53.000000 0.238564
 54.000000 0.214937
 55.000000 0.222100
 56.000000 0.233576
 57.000000 0.233922
 58.000000 0.225272
 59.000000 0.236014
 60.000000 0.246793
 61.000000 0.221164
 62.000000 0.234605
 63.000000 0.247242
 64.000000 0.231137
 65.000000 0.243521
 66.000000 0.230025
 67.000000 0.233185
 68.000000 0.249630
 69.000000 0.232096
 70.000000 0.230800
 71.000000 0.229039
 72.000000 0.247332
 73.000000 0.248392
 74.000000 0.230580
 75.000000 0.249770
 76.000000 0.237645
 77.000000 0.248404
 78.000000 0.257997
 79.000000 0.244952
 80.000000 0.256058
 81.000000 0.255495
 82.000000 0.235603
 83.000000 0.259881
 84.000000 0.248631
 85.000000 0.262608
 86.000000 0.248208
 87.000000 0.247140
 88.000000 0.266238
 89.000000 0.242235
 90.000000 0.256250
 91.000000 0.249884
 92.000000 0.272375
 93.000000 0.272721
 94.000000 0.249733
 95.000000 0.265106
 96.000000 0.263884
 97.000000 0.262123
 98.000000 0.268307
 99.000000 0.278616
 100.000000 0.256588
 101.000000 0.266732
 102.000000 0.266742
 103.000000 0.300626
 104.000000 0.270960
 105.000000 0.264961
 106.000000 0.283750
 107.000000 0.272010
 108.000000 0.272105
 109.000000 0.276497
 110.000000 0.259031
 111.000000 0.289642
 112.000000 0.273665
 113.000000 0.264155
 114.000000 0.272141
 115.000000 0.269286
 116.000000 0.259175
 117.000000 0.278081
 118.000000 0.275068
 119.000000 0.274791
 120.000000 0.273756
 121.000000 0.271985
 122.000000 0.279669
 123.000000 0.283106
 124.000000 0.274368
 125.000000 0.282371
 126.000000 0.279270
 127.000000 0.294101
 128.000000 0.290636
 129.000000 0.284991
 130.000000 0.287299
 131.000000 0.277836
 132.000000 0.266830
 133.000000 0.284029
 134.000000 0.280114
 135.000000 0.269643
 136.000000 0.294761
 137.000000 0.302432
 138.000000 0.288957
 139.000000 0.282765
 140.000000 0.295759
 141.000000 0.288881
 142.000000 0.293108
 143.000000 0.294085
 144.000000 0.286394
 145.000000 0.308228
 146.000000 0.291284
 147.000000 0.294890
 148.000000 0.296401
 149.000000 0.294354
 150.000000 0.305356
 151.000000 0.288011
 152.000000 0.289877
 153.000000 0.309535
 154.000000 0.297008
 155.000000 0.299180
 156.000000 0.296432
 157.000000 0.292805
 158.000000 0.310854
 159.000000 0.311524
 160.000000 0.309330
 161.000000 0.314378
 162.000000 0.307386
 163.000000 0.308151
 164.000000 0.308325
 165.000000 0.314699
 166.000000 0.331089
 167.000000 0.311879
 168.000000 0.311516
 169.000000 0.302299
 170.000000 0.308053
 171.000000 0.305542
 172.000000 0.325829
 173.000000 0.326978
 174.000000 0.312880
 175.000000 0.307714
 176.000000 0.314614
 177.000000 0.309510
 178.000000 0.299927
 179.000000 0.328819
 180.000000 0.320060
 181.000000 0.315212
 182.000000 0.326365
 183.000000 0.309500
 184.000000 0.311070
 185.000000 0.339139
 186.000000 0.329254
 187.000000 0.326677
 188.000000 0.339776
 189.000000 0.332005
 190.000000 0.344708
 191.000000 0.352867
 192.000000 0.337748
 193.000000 0.332777
 194.000000 0.322953
 195.000000 0.350147
 196.000000 0.336934
 197.000000 0.334713
 198.000000 0.333585
 199.000000 0.339104
 200.000000 0.347818
 201.000000 0.336081
 202.000000 0.348583
 203.000000 0.349200
 204.000000 0.354419
 205.000000 0.349341
 206.000000 0.336800
 207.000000 0.355624
 208.000000 0.354101
 209.000000 0.358843
 210.000000 0.349095
 211.000000 0.354914
 212.000000 0.343596
 213.000000 0.351195
 214.000000 0.346049
 215.000000 0.353205
 216.000000 0.344558
 217.000000 0.346631
 218.000000 0.350223
 219.000000 0.358797
 220.000000 0.349772
 221.000000 0.364881
 222.000000 0.365434
 223.000000 0.364400
 224.000000 0.363968
 225.000000 0.367023
 226.000000 0.383917
 227.000000 0.368198
 228.000000 0.370771
 229.000000 0.363959
 230.000000 0.361358
 231.000000 0.364154
 232.000000 0.353932
 233.000000 0.354058
 234.000000 0.362530
 235.000000 0.369748
 236.000000 0.366266
 237.000000 0.370441
 238.000000 0.361399
 239.000000 0.368870
 240.000000 0.374243
 241.000000 0.371301
 242.000000 0.370083
 243.000000 0.385130
 244.000000 0.386765
 245.000000 0.393120
 246.000000 0.386910
 247.000000 0.383022
 248.000000 0.385123
 249.000000 0.375302
 250.000000 0.376588
 251.000000 0.364484
 252.000000 0.372705
 253.000000 0.379198
 254.000000 0.391924
 255.000000 0.377795
 256.000000 0.384623
 257.000000 0.391600
 258.000000 0.390904
 259.000000 0.390140
 260.000000 0.392042
 261.000000 0.396841
 262.000000 0.388756
 263.000000 0.391843
 264.000000 0.391932
 265.000000 0.388045
 266.000000 0.395167
 267.000000 0.390331
 268.000000 0.405294
 269.000000 0.398260
 270.000000 0.415208
 271.000000 0.414468
 272.000000 0.392734
 273.000000 0.403320
 274.000000 0.411791
 275.000000 0.407066
 276.000000 0.415573
 277.000000 0.404491
 278.000000 0.410182
 279.000000 0.384983
 280.000000 0.401165
 281.000000 0.393841
 282.000000 0.415955
 283.000000 0.416493
 284.000000 0.412993
 285.000000 0.406381
 286.000000 0.394609
 287.000000 0.407298
 288.000000 0.416072
 289.000000 0.415248
 290.000000 0.413610
 291.000000 0.426428
 292.000000 0.437419
 293.000000 0.412210
 294.000000 0.416641
 295.000000 0.415939
 296.000000 0.415713
 297.000000 0.418412
 298.000000 0.409679
 299.000000 0.430218
 300.000000 0.427482
 301.000000 0.429471
 302.000000 0.436455
 303.000000 0.420781
 304.000000 0.428083
 305.000000 0.419880
 306.000000 0.428133
 307.000000 0.420865
 308.000000 0.443574
 309.000000 0.435088
 310.000000 0.421092
 311.000000 0.417119
 312.000000 0.425632
 313.000000 0.427693
 314.000000 0.402378
 315.000000 0.408233
 316.000000 0.412865
 317.000000 0.426409
 318.000000 0.424215
 319.000000 0.429406
 320.000000 0.430256
 321.000000 0.440515
 322.000000 0.439943
 323.000000 0.430788
 324.000000 0.435843
 325.000000 0.430150
 326.000000 0.437385
 327.000000 0.446199
 328.000000 0.436519
 329.000000 0.444867
 330.000000 0.453260
 331.000000 0.444821
 332.000000 0.450908
 333.000000 0.443986
 334.000000 0.443437
 335.000000 0.427279
 336.000000 0.440916
 337.000000 0.446877
 338.000000 0.454036
 339.000000 0.442198
 340.000000 0.443489
 341.000000 0.451913
 342.000000 0.446048
 343.000000 0.447339
 344.000000 0.447465
 345.000000 0.442484
 346.000000 0.439373
 347.000000 0.447716
 348.000000 0.451444
 349.000000 0.455718
 350.000000 0.450951
 351.000000 0.463577
 352.000000 0.456344
 353.000000 0.468908
 354.000000 0.458585
 355.000000 0.467407
 356.000000 0.468042
 357.000000 0.464366
 358.000000 0.465153
 359.000000 0.464533
 360.000000 0.458371
 361.000000 0.463038
 362.000000 0.457725
 363.000000 0.466997
 364.000000 0.472964
 365.000000 0.461313
 366.000000 0.478334
 367.000000 0.474161
 368.000000 0.467435
 369.000000 0.479751
 370.000000 0.485022
 371.000000 0.461531
 372.000000 0.483472
 373.000000 0.480539
 374.000000 0.489022
 375.000000 0.466753
 376.000000 0.481311
 377.000000 0.482158
 378.000000 0.477277
 379.000000 0.476463
 380.000000 0.472707
 381.000000 0.476393
 382.000000 0.479370
 383.000000 0.475495
 384.000000 0.474500
 385.000000 0.481976
 386.000000 0.478224
 387.000000 0.481150
 388.000000 0.479109
 389.000000 0.469609
 390.000000 0.487321
 391.000000 0.491016
 392.000000 0.487430
 393.000000 0.499534
 394.000000 0.479372
 395.000000 0.484676
 396.000000 0.500184
 397.000000 0.485240
 398.000000 0.479974
 399.000000 0.507473
 400.000000 0.507203
 401.000000 0.483414
 402.000000 0.494889
 403.000000 0.489041
 404.000000 0.495061
 405.000000 0.498372
 406.000000 0.497791
 407.000000 0.500178
 408.000000 0.502014
 409.000000 0.504943
 410.000000 0.512657
 411.000000 0.508273
 412.000000 0.514446
 413.000000 0.525334
 414.000000 0.502473
 415.000000 0.510450
 416.000000 0.503453
 417.000000 0.516731
 418.000000 0.500348
 419.000000 0.509209
 420.000000 0.492981
 421.000000 0.501733
 422.000000 0.498827
 423.000000 0.517437
 424.000000 0.509012
 425.000000 0.505467
 426.000000 0.502757
 427.000000 0.520071
 428.000000 0.510316
 429.000000 0.506894
 430.000000 0.506140
 431.000000 0.529504
 432.000000 0.517328
 433.000000 0.524638
 434.000000 0.538141
 435.000000 0.523495
 436.000000 0.527021
 437.000000 0.532767
 438.000000 0.529879
 439.000000 0.525792
 440.000000 0.517685
 441.000000 0.519297
 442.000000 0.519135
 443.000000 0.531851
 444.000000 0.531894
 445.000000 0.533799
 446.000000 0.541204
 447.000000 0.551651
 448.000000 0.545449
 449.000000 0.532805
 450.000000 0.537641
 451.000000 0.526000
 452.000000 0.536580
 453.000000 0.545948
 454.000000 0.536428
 455.000000 0.537889
 456.000000 0.520743
 457.000000 0.535975
 458.000000 0.546598
 459.000000 0.533292
 460.000000 0.537601
 461.000000 0.543961
 462.000000 0.568076
 463.000000 0.549749
 464.000000 0.559573
 465.000000 0.561906
 466.000000 0.559134
 467.000000 0.555358
 468.000000 0.558941
 469.000000 0.560971
 470.000000 0.563211
 471.000000 0.563340
 472.000000 0.554433
 473.000000 0.560848
 474.000000 0.554480
 475.000000 0.552966
 476.000000 0.560416
 477.000000 0.561978
 478.000000 0.558111
 479.000000 0.539599
 480.000000 0.545197
 481.000000 0.545162
 482.000000 0.568316
 483.000000 0.550998
 484.000000 0.553715
 485.000000 0.549477
 486.000000 0.546443
 487.000000 0.573397
 488.000000 0.569115
 489.000000 0.550162
 490.000000 0.559007
 491.000000 0.568084
 492.000000 0.568420
 493.000000 0.580705
 494.000000 0.555853
 495.000000 0.582095
 496.000000 0.568524
 497.000000 0.565924
 498.000000 0.571130
 499.000000 0.571931
 500.000000 0.578407
 501.000000 0.575871
 502.000000 0.574877
 503.000000 0.575437
 504.000000 0.586548
 505.000000 0.601874
 506.000000 0.577609
 507.000000 0.584057
 508.000000 0.574349
 509.000000 0.578781
 510.000000 0.584583
 511.000000 0.582210
 512.000000 0.593278
 513.000000 0.584259
 514.000000 0.583549
 515.000000 0.567814
 516.000000 0.597062
 517.000000 0.600252
 518.000000 0.602658
 519.000000 0.578681
 520.000000 0.594852
 521.000000 0.597470
 522.000000 0.596921
 523.000000 0.589272
 524.000000 0.600705
 525.000000 0.593305
 526.000000 0.589594
 527.000000 0.590495
 528.000000 0.597069
 529.000000 0.590258
 530.000000 0.590620
 531.000000 0.583961
 532.000000 0.600786
 533.000000 0.618715
 534.000000 0.606997
 535.000000 0.603942
 536.000000 0.593795
 537.000000 0.612464
 538.000000 0.599170
 539.000000 0.605058
 540.000000 0.598268
 541.000000 0.614141
 542.000000 0.608428
 543.000000 0.600456
 544.000000 0.606175
 545.000000 0.617701
 546.000000 0.607385
 547.000000 0.613286
 548.000000 0.610036
 549.000000 0.604761
 550.000000 0.603148
 551.000000 0.608540
 552.000000 0.616198
 553.000000 0.614318
 554.000000 0.608861
 555.000000 0.611433
 556.000000 0.619103
 557.000000 0.611439
 558.000000 0.607320
 559.000000 0.615451
 560.000000 0.609592
 561.000000 0.606469
 562.000000 0.617455
 563.000000 0.624798
 564.000000 0.606153
 565.000000 0.612280
 566.000000 0.619625
 567.000000 0.621672
 568.000000 0.617838
 569.000000 0.627061
 570.000000 0.622062
 571.000000 0.628596
 572.000000 0.624158
 573.000000 0.634087
 574.000000 0.638082
 575.000000 0.623280
 576.000000 0.627631
 577.000000 0.629166
 578.000000 0.639028
 579.000000 0.637419
 580.000000 0.651712
 581.000000 0.643693
 582.000000 0.652514
 583.000000 0.633170
 584.000000 0.635087
 585.000000 0.639941
 586.000000 0.629352
 587.000000 0.645448
 588.000000 0.637908
 589.000000 0.645330
 590.000000 0.639330
 591.000000 0.643003
 592.000000 0.649903
 593.000000 0.635636
 594.000000 0.651514
 595.000000 0.652332
 596.000000 0.645894
 597.000000 0.618386
 598.000000 0.630299
 599.000000 0.627169
 600.000000 0.639028
 601.000000 0.630603
 602.000000 0.639014
 603.000000 0.630781
 604.000000 0.650045
 605.000000 0.651578
 606.000000 0.647011
 607.000000 0.650633
 608.000000 0.638682
 609.000000 0.635867
 610.000000 0.636164
 611.000000 0.650688
 612.000000 0.646003
 613.000000 0.661063
 614.000000 0.657176
 615.000000 0.655497
 616.000000 0.655771
 617.000000 0.660653
 618.000000 0.663076
 619.000000 0.651491
 620.000000 0.658997
 621.000000 0.664225
 622.000000 0.670779
 623.000000 0.668595
 624.000000 0.662720
 625.000000 0.668858
 626.000000 0.660806
 627.000000 0.657199
 628.000000 0.666161
 629.000000 0.660497
 630.000000 0.668976
 631.000000 0.664663
 632.000000 0.675950
 633.000000 0.673166
 634.000000 0.682369
 635.000000 0.681673
 636.000000 0.682203
 637.000000 0.675147
 638.000000 0.680740
 639.000000 0.690766
 640.000000 0.694857
 641.000000 0.668299
 642.000000 0.698400
 643.000000 0.691925
 644.000000 0.685229
 645.000000 0.673977
 646.000000 0.689071
 647.000000 0.698342
 648.000000 0.691482
 649.000000 0.691422
 650.000000 0.692247
 651.000000 0.681112
 652.000000 0.687720
 653.000000 0.699562
 654.000000 0.697607
 655.000000 0.694233
 656.000000 0.683882
 657.000000 0.682937
 658.000000 0.686261
 659.000000 0.682376
 660.000000 0.701671
 661.000000 0.689664
 662.000000 0.704310
 663.000000 0.682633
 664.000000 0.702434
 665.000000 0.688207
 666.000000 0.695732
 667.000000 0.707447
 668.000000 0.700050
 669.000000 0.707696
 670.000000 0.706723
 671.000000 0.707201
 672.000000 0.710016
 673.000000 0.712983
 674.000000 0.710154
 675.000000 0.702471
 676.000000 0.711206
 677.000000 0.711353
 678.000000 0.697882
 679.000000 0.705025
 680.000000 0.719471
 681.000000 0.703293
 682.000000 0.710426
 683.000000 0.710397
 684.000000 0.701856
 685.000000 0.708692
 686.000000 0.707232
 687.000000 0.724286
 688.000000 0.734427
 689.000000 0.704227
 690.000000 0.711862
 691.000000 0.720403
 692.000000 0.708056
 693.000000 0.715499
 694.000000 0.721502
 695.000000 0.721917
 696.000000 0.719478
 697.000000 0.736007
 698.000000 0.728494
 699.000000 0.729026
 700.000000 0.725691
 701.000000 0.726273
 702.000000 0.730081
 703.000000 0.727496
 704.000000 0.734171
 705.000000 0.733536
 706.000000 0.730331
 707.000000 0.733332
 708.000000 0.741312
 709.000000 0.731579
 710.000000 0.735915
 711.000000 0.737714
 712.000000 0.739188
 713.000000 0.733257
 714.000000 0.739187
 715.000000 0.738974
 716.000000 0.760305
 717.000000 0.755862
 718.000000 0.740176
 719.000000 0.762502
 720.000000 0.747480
 721.000000 0.730124
 722.000000 0.757577
 723.000000 0.753472
 724.000000 0.747789
 725.000000 0.776812
 726.000000 0.756785
 727.000000 0.749462
 728.000000 0.764365
 729.000000 0.759275
 730.000000 0.761852
 731.000000 0.761153
 732.000000 0.752360
 733.000000 0.767997
 734.000000 0.758461
 735.000000 0.758042
 736.000000 0.756348
 737.000000 0.750963
 738.000000 0.762361
 739.000000 0.765532
 740.000000 0.765815
 741.000000 0.761775
 742.000000 0.753593
 743.000000 0.765724
 744.000000 0.763901
 745.000000 0.759082
 746.000000 0.764507
 747.000000 0.767144
 748.000000 0.767082
 749.000000 0.766607
 750.000000 0.758319
 751.000000 0.789022
 752.000000 0.768761
 753.000000 0.791986
 754.000000 0.782946
 755.000000 0.765761
 756.000000 0.775456
 757.000000 0.774073
 758.000000 0.786774
 759.000000 0.778527
 760.000000 0.780796
 761.000000 0.783327
 762.000000 0.764634
 763.000000 0.776947
 764.000000 0.790731
 765.000000 0.765356
 766.000000 0.786761
 767.000000 0.779751
 768.000000 0.784241
 769.000000 0.791949
 770.000000 0.791456
 771.000000 0.795457
 772.000000 0.785162
 773.000000 0.797146
 774.000000 0.801343
 775.000000 0.796701
 776.000000 0.762476
 777.000000 0.796598
 778.000000 0.798483
 779.000000 0.798859
 780.000000 0.803934
 781.000000 0.783469
 782.000000 0.801489
 783.000000 0.790238
 784.000000 0.793431
 785.000000 0.792449
 786.000000 0.799165
 787.000000 0.797734
 788.000000 0.784785
 789.000000 0.801562
 790.000000 0.792826
 791.000000 0.790313
 792.000000 0.811927
 793.000000 0.792780
 794.000000 0.806590
 795.000000 0.805629
 796.000000 0.797321
 797.000000 0.805615
 798.000000 0.789186
 799.000000 0.802252
 800.000000 0.804331
 801.000000 0.824772
 802.000000 0.798581
 803.000000 0.812450
 804.000000 0.816260
 805.000000 0.817796
 806.000000 0.814895
 807.000000 0.814594
 808.000000 0.809189
 809.000000 0.824379
 810.000000 0.813124
 811.000000 0.834304
 812.000000 0.816907
 813.000000 0.806426
 814.000000 0.820076
 815.000000 0.827153
 816.000000 0.821437
 817.000000 0.836478
 818.000000 0.828571
 819.000000 0.825727
 820.000000 0.834020
 821.000000 0.830355
 822.000000 0.825654
 823.000000 0.826147
 824.000000 0.833135
 825.000000 0.835835
 826.000000 0.850681
 827.000000 0.829504
 828.000000 0.829301
 829.000000 0.835503
 830.000000 0.833472
 831.000000 0.829805
 832.000000 0.838614
 833.000000 0.851459
 834.000000 0.828045
 835.000000 0.847809
 836.000000 0.844575
 837.000000 0.842565
 838.000000 0.844628
 839.000000 0.839713
 840.000000 0.830843
 841.000000 0.847140
 842.000000 0.852413
 843.000000 0.840889
 844.000000 0.841797
 845.000000 0.865197
 846.000000 0.853023
 847.000000 0.844869
 848.000000 0.847145
 849.000000 0.851854
 850.000000 0.847341
 851.000000 0.857065
 852.000000 0.839182
 853.000000 0.833669
 854.000000 0.840533
 855.000000 0.827750
 856.000000 0.849469
 857.000000 0.860133
 858.000000 0.853683
 859.000000 0.864341
 860.000000 0.868477
 861.000000 0.857037
 862.000000 0.856351
 863.000000 0.861083
 864.000000 0.870587
 865.000000 0.850397
 866.000000 0.869192
 867.000000 0.846893
 868.000000 0.855942
 869.000000 0.866454
 870.000000 0.878159
 871.000000 0.870693
 872.000000 0.879377
 873.000000 0.877174
 874.000000 0.870426
 875.000000 0.872394
 876.000000 0.877073
 877.000000 0.876344
 878.000000 0.875201
 879.000000 0.875553
 880.000000 0.872663
 881.000000 0.864552
 882.000000 0.888562
 883.000000 0.885453
 884.000000 0.884876
 885.000000 0.878664
 886.000000 0.883646
 887.000000 0.883734
 888.000000 0.877154
 889.000000 0.876097
 890.000000 0.883904
 891.000000 0.881810
 892.000000 0.873478
 893.000000 0.884464
 894.000000 0.895666
 895.000000 0.896944
 896.000000 0.895088
 897.000000 0.894622
 898.000000 0.892343
 899.000000 0.897055
 900.000000 0.897810
 901.000000 0.894870
 902.000000 0.898031
 903.000000 0.893500
 904.000000 0.884996
 905.000000 0.906452
 906.000000 0.896873
 907.000000 0.899400
 908.000000 0.880212
 909.000000 0.885539
 910.000000 0.906245
 911.000000 0.908653
 912.000000 0.898700
 913.000000 0.901734
 914.000000 0.900155
 915.000000 0.910940
 916.000000 0.918027
 917.000000 0.905380
 918.000000 0.905828
 919.000000 0.914795
 920.000000 0.909009
 921.000000 0.890360
 922.000000 0.913558
 923.000000 0.927243
 924.000000 0.910274
 925.000000 0.910990
 926.000000 0.917725
 927.000000 0.929655
 928.000000 0.908285
 929.000000 0.918418
 930.000000 0.921497
 931.000000 0.908850
 932.000000 0.912158
 933.000000 0.911565
 934.000000 0.924651
 935.000000 0.910472
 936.000000 0.916038
 937.000000 0.931616
 938.000000 0.919989
 939.000000 0.912255
 940.000000 0.927093
 941.000000 0.931308
 942.000000 0.928417
 943.000000 0.928004
 944.000000 0.928680
 945.000000 0.913139
 946.000000 0.929540
 947.000000 0.925529
 948.000000 0.924378
 949.000000 0.932360
 950.000000 0.935723
 951.000000 0.943304
 952.000000 0.929682
 953.000000 0.940758
 954.000000 0.939790
 955.000000 0.929737
 956.000000 0.923295
 957.000000 0.940242
 958.000000 0.937700
 959.000000 0.940454
 960.000000 0.939511
 961.000000 0.941116
 962.000000 0.936684
 963.000000 0.933877
 964.000000 0.928310
 965.000000 0.936865
 966.000000 0.933712
 967.000000 0.937322
 968.000000 0.938614
 969.000000 0.927936
 970.000000 0.945814
 971.000000 0.946520
 972.000000 0.934319
 973.000000 0.943938
 974.000000 0.933621
 975.000000 0.955175
 976.000000 0.949301
 977.000000 0.946284
 978.000000 0.936449
 979.000000 0.941837
 980.000000 0.948073
 981.000000 0.937364
 982.000000 0.949271
 983.000000 0.947558
 984.000000 0.956048
 985.000000 0.962155
 986.000000 0.956055
 987.000000 0.955373
 988.000000 0.947042
 989.000000 0.961707
 990.000000 0.947508
 991.000000 0.961440
 992.000000 0.957389
 993.000000 0.950151
 994.000000 0.960562
 995.000000 0.966816
 996.000000 0.959626
 997.000000 0.966313
 998.000000 0.956731
 999.000000 0.966463
 1000.000000 0.959011
 1001.000000 0.956299
 1002.000000 0.969212
 1003.000000 0.961183
 1004.000000 0.968197
 1005.000000 0.959694
 1006.000000 0.982940
 1007.000000 0.966689
 1008.000000 0.968357
 1009.000000 0.976769
 1010.000000 0.961123
 1011.000000 0.947974
 1012.000000 0.963189
 1013.000000 0.958830
 1014.000000 0.957396
 1015.000000 0.963012
 1016.000000 0.955309
 1017.000000 0.959199
 1018.000000 0.961631
 1019.000000 0.948307
 1020.000000 0.972363
 1021.000000 0.969621
 1022.000000 0.965949
 1023.000000 0.960906
 1024.000000 0.968625
 1025.000000 0.965965
 1026.000000 0.961151
 1027.000000 0.965412
 1028.000000 0.967524
 1029.000000 0.970760
 1030.000000 0.969116
 1031.000000 0.973686
 1032.000000 0.961192
 1033.000000 0.969398
 1034.000000 0.963836
 1035.000000 0.957648
 1036.000000 0.969580
 1037.000000 0.964897
 1038.000000 0.970606
 1039.000000 0.966965
 1040.000000 0.966149
 1041.000000 0.964483
 1042.000000 0.967648
 1043.000000 0.963975
 1044.000000 0.970775
 1045.000000 0.967456
 1046.000000 0.977474
 1047.000000 0.976749
 1048.000000 0.980168
 1049.000000 0.970460
 1050.000000 0.973016
 1051.000000 0.973422
 1052.000000 0.975686
 1053.000000 0.974523
 1054.000000 0.973069
 1055.000000 0.974167
 1056.000000 0.968749
 1057.000000 0.968937
 1058.000000 0.963227
 1059.000000 0.964303
 1060.000000 0.968448
 1061.000000 0.969683
 1062.000000 0.974862
 1063.000000 0.968859
 1064.000000 0.974032
 1065.000000 0.976768
 1066.000000 0.975637
 1067.000000 0.966896
 1068.000000 0.971336
 1069.000000 0.968847
 1070.000000 0.956583
 1071.000000 0.963316
 1072.000000 0.972880
 1073.000000 0.962396
 1074.000000 0.972193
 1075.000000 0.972400
 1076.000000 0.967920
 1077.000000 0.964171
 1078.000000 0.977290
 1079.000000 0.968552
 1080.000000 0.957488
 1081.000000 0.981959
 1082.000000 0.973245
 1083.000000 0.983811
 1084.000000 0.971721
 1085.000000 0.967741
 1086.000000 0.978353
 1087.000000 0.982037
 1088.000000 0.969956
 1089.000000 0.962502
 1090.000000 0.975295
 1091.000000 0.966389
 1092.000000 0.976326
 1093.000000 0.966097
 1094.000000 0.973768
 1095.000000 0.975819
 1096.000000 0.979477
 1097.000000 0.982988
 1098.000000 0.971013
 1099.000000 0.981525
 1100.000000 0.975868
 1101.000000 0.967454
 1102.000000 0.984768
 1103.000000 0.967582
 1104.000000 0.978832
 1105.000000 0.984364
 1106.000000 0.971501
 1107.000000 0.968001
 1108.000000 0.969401
 1109.000000 0.984639
 1110.000000 0.976096
 1111.000000 0.991083
 1112.000000 0.972236
 1113.000000 0.981998
 1114.000000 0.983551
 1115.000000 0.970840
 1116.000000 0.974742
 1117.000000 0.988039
 1118.000000 0.983211
 1119.000000 0.968388
 1120.000000 0.973677
 1121.000000 0.976120
 1122.000000 0.969576
 1123.000000 0.976202
 1124.000000 0.982970
 1125.000000 0.984323
 1126.000000 0.979107
 1127.000000 0.973932
 1128.000000 0.973573
 1129.000000 0.989776
 1130.000000 0.981837
 1131.000000 0.972148
 1132.000000 0.978109
 1133.000000 0.977720
 1134.000000 0.979710
 1135.000000 0.973214
 1136.000000 0.992183
 1137.000000 0.978548
 1138.000000 0.990736
 1139.000000 0.985874
 1140.000000 0.985973
 1141.000000 0.973808
 1142.000000 0.981767
 1143.000000 0.986167
 1144.000000 0.978681
 1145.000000 0.980372
 1146.000000 0.975053
 1147.000000 0.988957
 1148.000000 0.985222
 1149.000000 0.985606
 1150.000000 0.980223
 1151.000000 0.976740
 1152.000000 0.967169
 1153.000000 0.971636
 1154.000000 0.972250
 1155.000000 0.972323
 1156.000000 0.986424
 1157.000000 0.979923
 1158.000000 0.984863
 1159.000000 0.982402
 1160.000000 0.986820
 1161.000000 0.982032
 1162.000000 0.969444
 1163.000000 0.992646
 1164.000000 0.981762
 1165.000000 0.980101
 1166.000000 0.971425
 1167.000000 0.981664
 1168.000000 0.982850
 1169.000000 0.980869
 1170.000000 0.986393
 1171.000000 0.982638
 1172.000000 0.984532
 1173.000000 0.987439
 1174.000000 0.980374
 1175.000000 0.988725
 1176.000000 0.979224
 1177.000000 0.968809
 1178.000000 0.978630
 1179.000000 0.981106
 1180.000000 0.980537
 1181.000000 0.977441
 1182.000000 0.986938
 1183.000000 0.984584
 1184.000000 0.978768
 1185.000000 0.976763
 1186.000000 0.984657
 1187.000000 0.979857
 1188.000000 0.980312
 1189.000000 0.979045
 1190.000000 0.989413
 1191.000000 0.975284
 1192.000000 0.978087
 1193.000000 0.986496
 1194.000000 0.975762
 1195.000000 0.986121
 1196.000000 0.985085
 1197.000000 0.978482
 1198.000000 0.983132
 1199.000000 0.975227
 1200.000000 0.984200
 1201.000000 0.990929
 1202.000000 0.991094
 1203.000000 0.987837
 1204.000000 0.986612
 1205.000000 0.986459
 1206.000000 0.994036
 1207.000000 0.980992
 1208.000000 0.988704
 1209.000000 0.988792
 1210.000000 0.989318
 1211.000000 0.979037
 1212.000000 0.983565
 1213.000000 0.986892
 1214.000000 0.992025
 1215.000000 0.984994
 1216.000000 0.987700
 1217.000000 0.980630
 1218.000000 0.991937
 1219.000000 0.993260
 1220.000000 0.994079
 1221.000000 0.992452
 1222.000000 0.989178
 1223.000000 0.985719
 1224.000000 0.992716
 1225.000000 0.984024
 1226.000000 0.985155
 1227.000000 0.995406
 1228.000000 0.990311
 1229.000000 0.982673
 1230.000000 0.980439
 1231.000000 0.989807
 1232.000000 0.989517
 1233.000000 0.990126
 1234.000000 0.980904
 1235.000000 0.977900
 1236.000000 0.975326
 1237.000000 0.981476
 1238.000000 0.985445
 1239.000000 0.983213
 1240.000000 0.985995
 1241.000000 0.984318
 1242.000000 0.981883
 1243.000000 0.985492
 1244.000000 0.968506
 1245.000000 0.990560
 1246.000000 0.990774
 1247.000000 0.988076
 1248.000000 0.985770
 1249.000000 0.988898
 1250.000000 0.996654
 1251.000000 0.992439
 1252.000000 0.980029
 1253.000000 0.982109
 1254.000000 0.992556
 1255.000000 0.976632
 1256.000000 0.980165
 1257.000000 0.979352
 1258.000000 0.993826
 1259.000000 0.995387
 1260.000000 0.990659
 1261.000000 0.991848
 1262.000000 0.988606
 1263.000000 0.986822
 1264.000000 0.985411
 1265.000000 0.985129
 1266.000000 0.992116
 1267.000000 0.991346
 1268.000000 0.986529
 1269.000000 0.984983
 1270.000000 0.989660
 1271.000000 0.981175
 1272.000000 0.989048
 1273.000000 0.988757
 1274.000000 0.992313
 1275.000000 0.984220
 1276.000000 0.983434
 1277.000000 0.991008
 1278.000000 0.978066
 1279.000000 0.978788
 1280.000000 0.989737
 1281.000000 0.981908
 1282.000000 0.985330
 1283.000000 0.995538
 1284.000000 0.994287
 1285.000000 0.992530
 1286.000000 0.989356
 1287.000000 0.990574
 1288.000000 0.981024
 1289.000000 0.987972
 1290.000000 0.989552
 1291.000000 0.989893
 1292.000000 0.988435
 1293.000000 0.984734
 1294.000000 0.979617
 1295.000000 0.984251
 1296.000000 0.979656
 1297.000000 0.988905
 1298.000000 0.989973
 1299.000000 0.992351
 1300.000000 0.977283
 1301.000000 0.993498
 1302.000000 0.988831
 1303.000000 0.981963
 1304.000000 0.982929
 1305.000000 0.987517
 1306.000000 0.973930
 1307.000000 0.979448
 1308.000000 0.989556
 1309.000000 0.982594
 1310.000000 0.987033
 1311.000000 0.990841
 1312.000000 0.987069
 1313.000000 0.992245
 1314.000000 0.988392
 1315.000000 0.995503
 1316.000000 0.986303
 1317.000000 0.993608
 1318.000000 0.991975
 1319.000000 0.992578
 1320.000000 0.996772
 1321.000000 0.992228
 1322.000000 0.992757
 1323.000000 0.991850
 1324.000000 0.977656
 1325.000000 0.991687
 1326.000000 0.986961
 1327.000000 0.995866
 1328.000000 0.991153
 1329.000000 0.988057
 1330.000000 0.992977
 1331.000000 0.989431
 1332.000000 0.988452
 1333.000000 0.982150
 1334.000000 0.988456
 1335.000000 0.986337
 1336.000000 0.987568
 1337.000000 0.993931
 1338.000000 0.987270
 1339.000000 0.981788
 1340.000000 0.975536
 1341.000000 0.985931
 1342.000000 0.993481
 1343.000000 0.994344
 1344.000000 0.988437
 1345.000000 0.986905
 1346.000000 0.995451
 1347.000000 0.993010
 1348.000000 0.974635
 1349.000000 0.986236
 1350.000000 0.986871
 1351.000000 0.995646
 1352.000000 0.986257
 1353.000000 0.992360
 1354.000000 0.986495
 1355.000000 0.985412
 1356.000000 0.991175
 1357.000000 0.989209
 1358.000000 0.996223
 1359.000000 0.990595
 1360.000000 0.992044
 1361.000000 0.995470
 1362.000000 0.995579
 1363.000000 0.994614
 1364.000000 0.989918
 1365.000000 0.995264
 1366.000000 0.992513
 1367.000000 0.994480
 1368.000000 0.989071
 1369.000000 0.979119
 1370.000000 0.997669
 1371.000000 0.995047
 1372.000000 0.993930
 1373.000000 0.997704
 1374.000000 0.992223
 1375.000000 0.998375
 1376.000000 0.997907
 1377.000000 0.991771
 1378.000000 0.995549
 1379.000000 0.997746
 1380.000000 0.996514
 1381.000000 0.997343
 1382.000000 0.992545
 1383.000000 0.993543
 1384.000000 0.997465
 1385.000000 0.989927
 1386.000000 0.996765
 1387.000000 0.991970
 1388.000000 0.994859
 1389.000000 0.996914
 1390.000000 0.989096
 1391.000000 0.992242
 1392.000000 0.985684
 1393.000000 0.992288
 1394.000000 0.984201
 1395.000000 0.995392
 1396.000000 0.994448
 1397.000000 0.993848
 1398.000000 0.989533
 1399.000000 0.996131
 1400.000000 0.992520
 1401.000000 0.995261
 1402.000000 0.988670
 1403.000000 0.994333
 1404.000000 0.986414
 1405.000000 0.997620
 1406.000000 0.993398
 1407.000000 0.996487
 1408.000000 0.995860
 1409.000000 0.994813
 1410.000000 0.993222
 1411.000000 0.990880
 1412.000000 0.996922
 1413.000000 0.994441
 1414.000000 0.995174
 1415.000000 0.979131
 1416.000000 0.994087
 1417.000000 0.994736
 1418.000000 0.985520
 1419.000000 0.996221
 1420.000000 0.989427
 1421.000000 0.989422
 1422.000000 0.996874
 1423.000000 0.988565
 1424.000000 0.987537
 1425.000000 0.994394
 1426.000000 0.994373
 1427.000000 0.992642
 1428.000000 0.985263
 1429.000000 0.983982
 1430.000000 0.984315
 1431.000000 0.995265
 1432.000000 0.997005
 1433.000000 0.988794
 1434.000000 0.998467
 1435.000000 0.991860
 1436.000000 0.991215
 1437.000000 0.991364
 1438.000000 0.992903
 1439.000000 0.987636
 1440.000000 0.989683
 1441.000000 0.984427
 1442.000000 0.972301
 1443.000000 0.984086
 1444.000000 0.996771
 1445.000000 0.995939
 1446.000000 0.997752
 1447.000000 0.995369
 1448.000000 0.993845
 1449.000000 0.992403
 1450.000000 0.998163
 1451.000000 0.989802
 1452.000000 0.992953
 1453.000000 0.985385
 1454.000000 0.989918
 1455.000000 0.988336
 1456.000000 0.989725
 1457.000000 0.997116
 1458.000000 0.995928
 1459.000000 0.973855
 1460.000000 0.994620
 1461.000000 0.990992
 1462.000000 0.990644
 1463.000000 0.986990
 1464.000000 0.993125
 1465.000000 0.995980
 1466.000000 0.985835
 1467.000000 0.992616
 1468.000000 0.990943
 1469.000000 0.984302
 1470.000000 0.997354
 1471.000000 0.978821
 1472.000000 0.995703
 1473.000000 0.994590
 1474.000000 0.992940
 1475.000000 0.995828
 1476.000000 0.992105
 1477.000000 0.996010
 1478.000000 0.990257
 1479.000000 0.995724
 1480.000000 0.991102
 1481.000000 0.992167
 1482.000000 0.985704
 1483.000000 0.992481
 1484.000000 0.988339
 1485.000000 0.994453
 1486.000000 0.995328
 1487.000000 0.990404
 1488.000000 0.991177
 1489.000000 0.992712
 1490.000000 0.993642
 1491.000000 0.990597
 1492.000000 0.995174
 1493.000000 0.981956
 1494.000000 0.994806
 1495.000000 0.991336
 1496.000000 0.996702
 1497.000000 0.992621
 1498.000000 0.987832
 1499.000000 0.996775
 1500.000000 0.994922
 1501.000000 0.991823
 1502.000000 0.987039
 1503.000000 0.996324
 1504.000000 0.991871
 1505.000000 0.994647
 1506.000000 0.994699
 1507.000000 0.995246
 1508.000000 0.992824
 1509.000000 0.995315
 1510.000000 0.997942
 1511.000000 0.989431
 1512.000000 0.994641
 1513.000000 0.991039
 1514.000000 0.992265
 1515.000000 0.991143
 1516.000000 0.989460
 1517.000000 0.995381
 1518.000000 0.997483
 1519.000000 0.996747
 1520.000000 0.995968
 1521.000000 0.995511
 1522.000000 0.996720
 1523.000000 0.997785
 1524.000000 0.992658
 1525.000000 0.996266
 1526.000000 0.991931
 1527.000000 0.998131
 1528.000000 0.994741
 1529.000000 0.996976
 1530.000000 0.997013
 1531.000000 0.997225
 1532.000000 0.996703
 1533.000000 0.998816
 1534.000000 0.996907
 1535.000000 0.989325
 1536.000000 0.992479
 1537.000000 0.997754
 1538.000000 0.992194
 1539.000000 0.997061
 1540.000000 0.993629
 1541.000000 0.998244
 1542.000000 0.992439
 1543.000000 0.987185
 1544.000000 0.987732
 1545.000000 0.997547
 1546.000000 0.988382
 1547.000000 0.997459
 1548.000000 0.992478
 1549.000000 0.993872
 1550.000000 0.995911
 1551.000000 0.990024
 1552.000000 0.996424
 1553.000000 0.996433
 1554.000000 0.995570
 1555.000000 0.997232
 1556.000000 0.998285
 1557.000000 0.996733
 1558.000000 0.993117
 1559.000000 0.995579
 1560.000000 0.995639
 1561.000000 0.994690
 1562.000000 0.994159
 1563.000000 0.985544
 1564.000000 0.994542
 1565.000000 0.995617
 1566.000000 0.987873
 1567.000000 0.995926
 1568.000000 0.987106
 1569.000000 0.997800
 1570.000000 0.992530
 1571.000000 0.994983
 1572.000000 0.994187
 1573.000000 0.998929
 1574.000000 0.985632
 1575.000000 0.996157
 1576.000000 0.998017
 1577.000000 0.993765
 1578.000000 0.998212
 1579.000000 0.989727
 1580.000000 0.995925
 1581.000000 0.980923
 1582.000000 0.994236
 1583.000000 0.991165
 1584.000000 0.990326
 1585.000000 0.996736
 1586.000000 0.998172
 1587.000000 0.989687
 1588.000000 0.995116
 1589.000000 0.998100
 1590.000000 0.992115
 1591.000000 0.992751
 1592.000000 0.997166
 1593.000000 0.992308
 1594.000000 0.992375
 1595.000000 0.998195
 1596.000000 0.993848
 1597.000000 0.992400
 1598.000000 0.994786
 1599.000000 0.988187
 1600.000000 0.991633
 1601.000000 0.997613
 1602.000000 0.993779
 1603.000000 0.997125
 1604.000000 0.990880
 1605.000000 0.991497
 1606.000000 0.983430
 1607.000000 0.996973
 1608.000000 0.993927
 1609.000000 0.994413
 1610.000000 0.995349
 1611.000000 0.996323
 1612.000000 0.995192
 1613.000000 0.995215
 1614.000000 0.995963
 1615.000000 0.994981
 1616.000000 0.996328
 1617.000000 0.996253
 1618.000000 0.990421
 1619.000000 0.995832
 1620.000000 0.995407
 1621.000000 0.996765
 1622.000000 0.994713
 1623.000000 0.997191
 1624.000000 0.997111
 1625.000000 0.990659
 1626.000000 0.994005
 1627.000000 0.995358
 1628.000000 0.998484
 1629.000000 0.997655
 1630.000000 0.998601
 1631.000000 0.991768
 1632.000000 0.994396
 1633.000000 0.996414
 1634.000000 0.996252
 1635.000000 0.998501
 1636.000000 0.997452
 1637.000000 0.992087
 1638.000000 0.990485
 1639.000000 0.996931
 1640.000000 0.996722
 1641.000000 0.996919
 1642.000000 0.998062
 1643.000000 0.991409
 1644.000000 0.991271
 1645.000000 0.989740
 1646.000000 0.992995
 1647.000000 0.984602
 1648.000000 0.997395
 1649.000000 0.990803
 1650.000000 0.996983
 1651.000000 0.993585
 1652.000000 0.992556
 1653.000000 0.987950
 1654.000000 0.990637
 1655.000000 0.992953
 1656.000000 0.998715
 1657.000000 0.996886
 1658.000000 0.997949
 1659.000000 0.995943
 1660.000000 0.986653
 1661.000000 0.998149
 1662.000000 0.997297
 1663.000000 0.990656
 1664.000000 0.993238
 1665.000000 0.993853
 1666.000000 0.993734
 1667.000000 0.995642
 1668.000000 0.995286
 1669.000000 0.997098
 1670.000000 0.993735
 1671.000000 0.992550
 1672.000000 0.997449
 1673.000000 0.993674
 1674.000000 0.993063
 1675.000000 0.995324
 1676.000000 0.992880
 1677.000000 0.994738
 1678.000000 0.997680
 1679.000000 0.985726
 1680.000000 0.996950
 1681.000000 0.995276
 1682.000000 0.995647
 1683.000000 0.986173
 1684.000000 0.996355
 1685.000000 0.988188
 1686.000000 0.995875
 1687.000000 0.996434
 1688.000000 0.994772
 1689.000000 0.993188
 1690.000000 0.997723
 1691.000000 0.994727
 1692.000000 0.991335
 1693.000000 0.992857
 1694.000000 0.996675
 1695.000000 0.991812
 1696.000000 0.995481
 1697.000000 0.988556
 1698.000000 0.997064
 1699.000000 0.998046
 1700.000000 0.987236
 1701.000000 0.995217
 1702.000000 0.994239
 1703.000000 0.987634
 1704.000000 0.991125
 1705.000000 0.987736
 1706.000000 0.986792
 1707.000000 0.986217
 1708.000000 0.997864
 1709.000000 0.993681
 1710.000000 0.996638
 1711.000000 0.994313
 1712.000000 0.994089
 1713.000000 0.994131
 1714.000000 0.990685
 1715.000000 0.993292
 1716.000000 0.995360
 1717.000000 0.996015
 1718.000000 0.996867
 1719.000000 0.996962
 1720.000000 0.997646
 1721.000000 0.989890
 1722.000000 0.997679
 1723.000000 0.996326
 1724.000000 0.996477
 1725.000000 0.992061
 1726.000000 0.995450
 1727.000000 0.989126
 1728.000000 0.995143
 1729.000000 0.997119
 1730.000000 0.990587
 1731.000000 0.998052
 1732.000000 0.998223
 1733.000000 0.989600
 1734.000000 0.991687
 1735.000000 0.994461
 1736.000000 0.992571
 1737.000000 0.993714
 1738.000000 0.990784
 1739.000000 0.986253
 1740.000000 0.992655
 1741.000000 0.991918
 1742.000000 0.989227
 1743.000000 0.996101
 1744.000000 0.994516
 1745.000000 0.996314
 1746.000000 0.995338
 1747.000000 0.993732
 1748.000000 0.994598
 1749.000000 0.984784
 1750.000000 0.995590
 1751.000000 0.996286
 1752.000000 0.995056
 1753.000000 0.995256
 1754.000000 0.994093
 1755.000000 0.993865
 1756.000000 0.991978
 1757.000000 0.996973
 1758.000000 0.991342
 1759.000000 0.995092
 1760.000000 0.996029
 1761.000000 0.984525
 1762.000000 0.994602
 1763.000000 0.997006
 1764.000000 0.992381
 1765.000000 0.988955
 1766.000000 0.993313
 1767.000000 0.990226
 1768.000000 0.993668
 1769.000000 0.997069
 1770.000000 0.993222
 1771.000000 0.993988
 1772.000000 0.988937
 1773.000000 0.988251
 1774.000000 0.993242
 1775.000000 0.993998
 1776.000000 0.998186
 1777.000000 0.993036
 1778.000000 0.996330
 1779.000000 0.985995
 1780.000000 0.994021
 1781.000000 0.997927
 1782.000000 0.997415
 1783.000000 0.995727
 1784.000000 0.990090
 1785.000000 0.987345
 1786.000000 0.994870
 1787.000000 0.996657
 1788.000000 0.991456
 1789.000000 0.992287
 1790.000000 0.991549
 1791.000000 0.994209
 1792.000000 0.993702
 1793.000000 0.989789
 1794.000000 0.992701
 1795.000000 0.983490
 1796.000000 0.991055
 1797.000000 0.997438
 1798.000000 0.996542
 1799.000000 0.997477
 1800.000000 0.995798
 1801.000000 0.989991
 1802.000000 0.990463
 1803.000000 0.993186
 1804.000000 0.991484
 1805.000000 0.994798
 1806.000000 0.990646
 1807.000000 0.995733
 1808.000000 0.991976
 1809.000000 0.992089
 1810.000000 0.995308
 1811.000000 0.994444
 1812.000000 0.989017
 1813.000000 0.983911
 1814.000000 0.997061
 1815.000000 0.992141
 1816.000000 0.994545
 1817.000000 0.996368
 1818.000000 0.992303
 1819.000000 0.993694
 1820.000000 0.991096
 1821.000000 0.992164
 1822.000000 0.994765
 1823.000000 0.996054
 1824.000000 0.998252
 1825.000000 0.993834
 1826.000000 0.992176
 1827.000000 0.989662
 1828.000000 0.990743
 1829.000000 0.991663
 1830.000000 0.997341
 1831.000000 0.995973
 1832.000000 0.991377
 1833.000000 0.996119
 1834.000000 0.995093
 1835.000000 0.990134
 1836.000000 0.992761
 1837.000000 0.980793
 1838.000000 0.989993
 1839.000000 0.987182
 1840.000000 0.986183
 1841.000000 0.995282
 1842.000000 0.995759
 1843.000000 0.994822
 1844.000000 0.993585
 1845.000000 0.993616
 1846.000000 0.993959
 1847.000000 0.987583
 1848.000000 0.988480
 1849.000000 0.987883
 1850.000000 0.993046
 1851.000000 0.995609
 1852.000000 0.995293
 1853.000000 0.990323
 1854.000000 0.992289
 1855.000000 0.994977
 1856.000000 0.996152
 1857.000000 0.993924
 1858.000000 0.997724
 1859.000000 0.993508
 1860.000000 0.994051
 1861.000000 0.996983
 1862.000000 0.996935
 1863.000000 0.992351
 1864.000000 0.987372
 1865.000000 0.997668
 1866.000000 0.992024
 1867.000000 0.997603
 1868.000000 0.987645
 1869.000000 0.986556
 1870.000000 0.989015
 1871.000000 0.994516
 1872.000000 0.989070
 1873.000000 0.996782
 1874.000000 0.990818
 1875.000000 0.992261
 1876.000000 0.994145
 1877.000000 0.991985
 1878.000000 0.992207
 1879.000000 0.995818
 1880.000000 0.983314
 1881.000000 0.996232
 1882.000000 0.996056
 1883.000000 0.996937
 1884.000000 0.997462
 1885.000000 0.996741
 1886.000000 0.996903
 1887.000000 0.993772
 1888.000000 0.997412
 1889.000000 0.988446
 1890.000000 0.992300
 1891.000000 0.996288
 1892.000000 0.995401
 1893.000000 0.990867
 1894.000000 0.993471
 1895.000000 0.989743
 1896.000000 0.993102
 1897.000000 0.986094
 1898.000000 0.994105
 1899.000000 0.998427
 1900.000000 0.997267
 1901.000000 0.998063
 1902.000000 0.996023
 1903.000000 0.993628
 1904.000000 0.997033
 1905.000000 0.996655
 1906.000000 0.997506
 1907.000000 0.994406
 1908.000000 0.991993
 1909.000000 0.997580
 1910.000000 0.992523
 1911.000000 0.992149
 1912.000000 0.996599
 1913.000000 0.993728
 1914.000000 0.986713
 1915.000000 0.988589
 1916.000000 0.975933
 1917.000000 0.994113
 1918.000000 0.995947
 1919.000000 0.983055
 1920.000000 0.993234
 1921.000000 0.994495
 1922.000000 0.989162
 1923.000000 0.991325
 1924.000000 0.995050
 1925.000000 0.994580
 1926.000000 0.995293
 1927.000000 0.995296
 1928.000000 0.985796
 1929.000000 0.995875
 1930.000000 0.992558
 1931.000000 0.993051
 1932.000000 0.994260
 1933.000000 0.988750
 1934.000000 0.994526
 1935.000000 0.976655
 1936.000000 0.996998
 1937.000000 0.993658
 1938.000000 0.998805
 1939.000000 0.997294
 1940.000000 0.994268
 1941.000000 0.997974
 1942.000000 0.991452
 1943.000000 0.988534
 1944.000000 0.986688
 1945.000000 0.993106
 1946.000000 0.991151
 1947.000000 0.994969
 1948.000000 0.995932
 1949.000000 0.992053
 1950.000000 0.998213
 1951.000000 0.985428
 1952.000000 0.989020
 1953.000000 0.993859
 1954.000000 0.997493
 1955.000000 0.993632
 1956.000000 0.993700
 1957.000000 0.997537
 1958.000000 0.995098
 1959.000000 0.997612
 1960.000000 0.997493
 1961.000000 0.996850
 1962.000000 0.997123
 1963.000000 0.998304
 1964.000000 0.996879
 1965.000000 0.998018
 1966.000000 0.995600
 1967.000000 0.991821
 1968.000000 0.995878
 1969.000000 0.993712
 1970.000000 0.996050
 1971.000000 0.996946
 1972.000000 0.997423
 1973.000000 0.996226
 1974.000000 0.996436
 1975.000000 0.996181
 1976.000000 0.995672
 1977.000000 0.998111
 1978.000000 0.998029
 1979.000000 0.993521
 1980.000000 0.996014
 1981.000000 0.990084
 1982.000000 0.997384
 1983.000000 0.996205
 1984.000000 0.995766
 1985.000000 0.995108
 1986.000000 0.995010
 1987.000000 0.992212
 1988.000000 0.991455
 1989.000000 0.987546
 1990.000000 0.997381
 1991.000000 0.995223
 1992.000000 0.997941
 1993.000000 0.995221
 1994.000000 0.992518
 1995.000000 0.988747
 1996.000000 0.994812
 1997.000000 0.991601
 1998.000000 0.993689
 1999.000000 0.994955
 2000.000000 0.994129
